# x rho rhou E
0.00000000000000 0.99999885916381 -1.99999686460557 2.99999441371516
0.00500000000000 0.99999700631884 -1.99999177238016 2.99998534098095
0.01000000000000 0.99999297900933 -1.99998070403389 2.99996562072415
0.01500000000000 0.99998394448824 -1.99995587434732 2.99992138230524
0.02000000000000 0.99996435631355 -1.99990204034307 2.99982546830341
0.02500000000000 0.99992325116973 -1.99978907322135 2.99962420187918
0.03000000000000 0.99983985640222 -1.99955989076688 2.99921589293164
0.03500000000000 0.99967651453514 -1.99911102665244 2.99841624207292
0.04000000000000 0.99936811530967 -1.99826363414133 2.99690675205701
0.04500000000000 0.99880775885229 -1.99672422320010 2.99416498617012
0.05000000000000 0.99782965027692 -1.99403801694327 2.98938201940105
0.05500000000000 0.99619244233884 -1.98954404235885 2.98138372651041
0.06000000000000 0.99356901090101 -1.98234885843643 2.96858668007765
0.06500000000000 0.98955076747442 -1.97134176144996 2.94903014158547
0.07000000000000 0.98367410727694 -1.95527271886174 2.92052245433576
0.07500000000000 0.97547168121433 -1.93290001552473 2.88091353443324
0.08000000000000 0.96454201660734 -1.90318809183068 2.82845599344902
0.08500000000000 0.95062096219994 -1.86550722888310 2.76216441735510
0.09000000000000 0.93363312426641 -1.81977219353359 2.68205673194270
0.09500000000000 0.91370517706983 -1.76646919498781 2.58918660637824
0.10000000000000 0.89113486479065 -1.70655660622605 2.48544501188017
0.10500000000000 0.86632375858337 -1.64126633741329 2.37318564981368
0.11000000000000 0.83969408513106 -1.57186254824123 2.25477377238202
0.11500000000000 0.81164372671948 -1.49947751261609 2.13219780336576
0.12000000000000 0.78273430412524 -1.42557101417442 2.00802693647087
0.12500000000000 0.75393532808067 -1.35303377603215 1.88767070623299
0.13000000000000 0.72576730707075 -1.28302906957117 1.77271266356816
0.13500000000000 0.69833127735507 -1.21571546869749 1.66332151998349
0.14000000000000 0.67164898399924 -1.15112158289781 1.55945215010412
0.14500000000000 0.64573434530206 -1.08922862790549 1.46098570006632
0.15000000000000 0.62058946001588 -1.02999035191911 1.36775570539494
0.15500000000000 0.59620453272529 -0.97333830473766 1.27956537778632
0.16000000000000 0.57256982851669 -0.91920033166718 1.19621444319007
0.16500000000000 0.54967316731379 -0.86750027748044 1.11750010754883
0.17000000000000 0.52750088547911 -0.81816043526752 1.04322104016836
0.17500000000000 0.50603929761775 -0.77110364796276 0.97318058799415
0.18000000000000 0.48527439289713 -0.72625333477730 0.90718694705166
0.18500000000000 0.46519183005429 -0.68353365321724 0.84505344540112
0.19000000000000 0.44577706295651 -0.64286968013483 0.78659880817662
0.19500000000000 0.42701531215640 -0.60418745712640 0.73164713495727
0.20000000000000 0.40889168713313 -0.56741420639146 0.68002799334773
0.20500000000000 0.39139143250703 -0.53247866977150 0.63157658765063
0.21000000000000 0.37450015455833 -0.49931140235125 0.58613385160784
0.21500000000000 0.35820396824709 -0.46784492116095 0.54354643737902
0.22000000000000 0.34248948005067 -0.43801361955954 0.50366656111926
0.22500000000000 0.32734354976820 -0.40975342891943 0.46635170191621
0.23000000000000 0.31275287788089 -0.38300132601772 0.43146424102991
0.23500000000000 0.29870354183716 -0.35769485134474 0.39887116592242
0.24000000000000 0.28518063043884 -0.33377180388902 0.36844394304587
0.24500000000000 0.27216810038931 -0.31117022386841 0.34005860427042
0.25000000000000 0.25964890713626 -0.28982868696512 0.31359601263681
0.25500000000000 0.24760537865613 -0.26968685022420 0.28894221105448
0.26000000000000 0.23601974761031 -0.25068614222988 0.26598874165586
0.26500000000000 0.22487475195964 -0.23277048413929 0.24463285292459
0.27000000000000 0.21415424762463 -0.21588694907725 0.22477756444311
0.27500000000000 0.20384382136494 -0.19998629278690 0.20633160696969
0.28000000000000 0.19393141264951 -0.18502330028172 0.18920927620931
0.28500000000000 0.18440792310447 -0.17095688832293 0.17333022373019
0.29000000000000 0.17526770436422 -0.15774989440984 0.15861916389879
0.29500000000000 0.16650869055415 -0.14536848941555 0.14500541950522
0.30000000000000 0.15813184286607 -0.13378119180034 0.13242219715805
0.30500000000000 0.15013961698366 -0.12295755049149 0.12080553520687
0.31000000000000 0.14253347672181 -0.11286669829195 0.11009305148082
0.31500000000000 0.13531106289238 -0.10347611064863 0.10022289852682
0.32000000000000 0.12846421666784 -0.09475093240768 0.09113352925060
0.32500000000000 0.12197913242712 -0.08665405689547 0.08276472591793
0.33000000000000 0.11583901262191 -0.07914677823240 0.07505971688718
0.33500000000000 0.11002780220162 -0.07218950270068 0.06796731718914
0.34000000000000 0.10453191812186 -0.06574200328533 0.06144251555413
0.34500000000000 0.09933713056458 -0.05976317695294 0.05544454795013
0.35000000000000 0.09442105220399 -0.05421096957426 0.04993336509541
0.35500000000000 0.08974641705966 -0.04904340942114 0.04486725093930
0.36000000000000 0.08526175597789 -0.04422094448831 0.04020408134529
0.36500000000000 0.08091087024436 -0.03970900942337 0.03590573436797
0.37000000000000 0.07664469195804 -0.03547952208948 0.03194211611595
0.37500000000000 0.07242773649515 -0.03151113094616 0.02829176621581
0.38000000000000 0.06823834929211 -0.02778866852624 0.02493967530192
0.38500000000000 0.06406742312256 -0.02430186184393 0.02187497172947
0.39000000000000 0.05991690445128 -0.02104366031990 0.01908919881003
0.39500000000000 0.05579474365658 -0.01800941529016 0.01657395956997
0.40000000000000 0.05170636610894 -0.01519746285983 0.01431806301794
0.40500000000000 0.04764948637782 -0.01260991424159 0.01230625471831
0.41000000000000 0.04361933862670 -0.01025196659717 0.01052096760604
0.41500000000000 0.03962421586270 -0.00812911810484 0.00894624898537
0.42000000000000 0.03570088055016 -0.00624338905370 0.00757095345971
0.42500000000000 0.03191279963497 -0.00459137814379 0.00638762610908
0.43000000000000 0.02832419539010 -0.00316660963090 0.00538641775414
0.43500000000000 0.02497155009160 -0.00196361363923 0.00454963867432
0.44000000000000 0.02186780554780 -0.00097557894180 0.00385479903593
0.44500000000000 0.01903382619427 -0.00018376374664 0.00328434157720
0.45000000000000 0.01649479933217 0.00044367518256 0.00282666532943
0.45500000000000 0.01421519982700 0.00092580393011 0.00245943297775
0.46000000000000 0.01207355950108 0.00124429235616 0.00213785499750
0.46500000000000 0.00998623419336 0.00138111464448 0.00182214167820
0.47000000000000 0.00804801110964 0.00139600573092 0.00151901843646
0.47500000000000 0.00640356087059 0.00135736648488 0.00126133800278
0.48000000000000 0.00506044129326 0.00125644506860 0.00104807591137
0.48500000000000 0.00405199196812 0.00110222782154 0.00087755336297
0.49000000000000 0.00348638877311 0.00088545367206 0.00078720249928
0.49500000000000 0.00334866309530 0.00054542336724 0.00078580756366
0.50000000000000 0.00336615014626 0.00000000000000 0.00080700603227
0.50500000000000 0.00334866309530 -0.00054542336724 0.00078580756366
0.51000000000000 0.00348638877311 -0.00088545367206 0.00078720249928
0.51500000000000 0.00405199196812 -0.00110222782154 0.00087755336297
0.52000000000000 0.00506044129326 -0.00125644506860 0.00104807591137
0.52500000000000 0.00640356087059 -0.00135736648488 0.00126133800278
0.53000000000000 0.00804801110964 -0.00139600573092 0.00151901843646
0.53500000000000 0.00998623419336 -0.00138111464448 0.00182214167820
0.54000000000000 0.01207355950108 -0.00124429235616 0.00213785499750
0.54500000000000 0.01421519982700 -0.00092580393011 0.00245943297775
0.55000000000000 0.01649479933217 -0.00044367518256 0.00282666532943
0.55500000000000 0.01903382619427 0.00018376374664 0.00328434157720
0.56000000000000 0.02186780554780 0.00097557894180 0.00385479903593
0.56500000000000 0.02497155009160 0.00196361363923 0.00454963867432
0.57000000000000 0.02832419539010 0.00316660963090 0.00538641775414
0.57500000000000 0.03191279963497 0.00459137814379 0.00638762610908
0.58000000000000 0.03570088055016 0.00624338905370 0.00757095345971
0.58500000000000 0.03962421586270 0.00812911810484 0.00894624898537
0.59000000000000 0.04361933862670 0.01025196659717 0.01052096760604
0.59500000000000 0.04764948637782 0.01260991424159 0.01230625471831
0.60000000000000 0.05170636610894 0.01519746285983 0.01431806301794
0.60500000000000 0.05579474365658 0.01800941529016 0.01657395956997
0.61000000000000 0.05991690445128 0.02104366031990 0.01908919881003
0.61500000000000 0.06406742312256 0.02430186184393 0.02187497172947
0.62000000000000 0.06823834929211 0.02778866852624 0.02493967530192
0.62500000000000 0.07242773649515 0.03151113094616 0.02829176621581
0.63000000000000 0.07664469195804 0.03547952208948 0.03194211611595
0.63500000000000 0.08091087024436 0.03970900942337 0.03590573436797
0.64000000000000 0.08526175597789 0.04422094448831 0.04020408134529
0.64500000000000 0.08974641705966 0.04904340942114 0.04486725093930
0.65000000000000 0.09442105220399 0.05421096957426 0.04993336509541
0.65500000000000 0.09933713056458 0.05976317695294 0.05544454795013
0.66000000000000 0.10453191812186 0.06574200328533 0.06144251555413
0.66500000000000 0.11002780220162 0.07218950270068 0.06796731718914
0.67000000000000 0.11583901262191 0.07914677823240 0.07505971688718
0.67500000000000 0.12197913242712 0.08665405689547 0.08276472591793
0.68000000000000 0.12846421666784 0.09475093240768 0.09113352925060
0.68500000000000 0.13531106289238 0.10347611064863 0.10022289852682
0.69000000000000 0.14253347672181 0.11286669829195 0.11009305148082
0.69500000000000 0.15013961698366 0.12295755049149 0.12080553520687
0.70000000000000 0.15813184286607 0.13378119180034 0.13242219715805
0.70500000000000 0.16650869055415 0.14536848941555 0.14500541950522
0.71000000000000 0.17526770436422 0.15774989440984 0.15861916389879
0.71500000000000 0.18440792310447 0.17095688832293 0.17333022373019
0.72000000000000 0.19393141264951 0.18502330028172 0.18920927620931
0.72500000000000 0.20384382136494 0.19998629278690 0.20633160696969
0.73000000000000 0.21415424762463 0.21588694907725 0.22477756444311
0.73500000000000 0.22487475195964 0.23277048413929 0.24463285292459
0.74000000000000 0.23601974761031 0.25068614222988 0.26598874165586
0.74500000000000 0.24760537865613 0.26968685022420 0.28894221105448
0.75000000000000 0.25964890713626 0.28982868696512 0.31359601263681
0.75500000000000 0.27216810038931 0.31117022386841 0.34005860427042
0.76000000000000 0.28518063043884 0.33377180388902 0.36844394304587
0.76500000000000 0.29870354183716 0.35769485134474 0.39887116592242
0.77000000000000 0.31275287788089 0.38300132601772 0.43146424102991
0.77500000000000 0.32734354976820 0.40975342891943 0.46635170191621
0.78000000000000 0.34248948005067 0.43801361955954 0.50366656111926
0.78500000000000 0.35820396824709 0.46784492116095 0.54354643737902
0.79000000000000 0.37450015455833 0.49931140235125 0.58613385160784
0.79500000000000 0.39139143250703 0.53247866977150 0.63157658765063
0.80000000000000 0.40889168713313 0.56741420639146 0.68002799334773
0.80500000000000 0.42701531215640 0.60418745712640 0.73164713495727
0.81000000000000 0.44577706295651 0.64286968013483 0.78659880817662
0.81500000000000 0.46519183005429 0.68353365321724 0.84505344540112
0.82000000000000 0.48527439289713 0.72625333477730 0.90718694705166
0.82500000000000 0.50603929761775 0.77110364796276 0.97318058799415
0.83000000000000 0.52750088547911 0.81816043526752 1.04322104016836
0.83500000000000 0.54967316731379 0.86750027748044 1.11750010754883
0.84000000000000 0.57256982851669 0.91920033166718 1.19621444319007
0.84500000000000 0.59620453272529 0.97333830473766 1.27956537778632
0.85000000000000 0.62058946001588 1.02999035191911 1.36775570539494
0.85500000000000 0.64573434530206 1.08922862790549 1.46098570006632
0.86000000000000 0.67164898399924 1.15112158289781 1.55945215010412
0.86500000000000 0.69833127735507 1.21571546869749 1.66332151998349
0.87000000000000 0.72576730707075 1.28302906957117 1.77271266356816
0.87500000000000 0.75393532808067 1.35303377603215 1.88767070623299
0.88000000000000 0.78273430412524 1.42557101417442 2.00802693647087
0.88500000000000 0.81164372671948 1.49947751261609 2.13219780336576
0.89000000000000 0.83969408513106 1.57186254824123 2.25477377238202
0.89500000000000 0.86632375858337 1.64126633741329 2.37318564981368
0.90000000000000 0.89113486479065 1.70655660622605 2.48544501188017
0.90500000000000 0.91370517706983 1.76646919498781 2.58918660637824
0.91000000000000 0.93363312426641 1.81977219353359 2.68205673194270
0.91500000000000 0.95062096219994 1.86550722888310 2.76216441735510
0.92000000000000 0.96454201660734 1.90318809183068 2.82845599344902
0.92500000000000 0.97547168121433 1.93290001552473 2.88091353443324
0.93000000000000 0.98367410727694 1.95527271886174 2.92052245433576
0.93500000000000 0.98955076747442 1.97134176144996 2.94903014158547
0.94000000000000 0.99356901090101 1.98234885843643 2.96858668007765
0.94500000000000 0.99619244233884 1.98954404235885 2.98138372651041
0.95000000000000 0.99782965027692 1.99403801694327 2.98938201940105
0.95500000000000 0.99880775885229 1.99672422320010 2.99416498617012
0.96000000000000 0.99936811530967 1.99826363414133 2.99690675205701
0.96500000000000 0.99967651453514 1.99911102665244 2.99841624207292
0.97000000000000 0.99983985640222 1.99955989076688 2.99921589293164
0.97500000000000 0.99992325116973 1.99978907322135 2.99962420187918
0.98000000000000 0.99996435631355 1.99990204034307 2.99982546830341
0.98500000000000 0.99998394448824 1.99995587434732 2.99992138230524
0.99000000000000 0.99999297900933 1.99998070403389 2.99996562072415
0.99500000000000 0.99999700631884 1.99999177238016 2.99998534098095
1.00000000000000 0.99999885916381 1.99999686460557 2.99999441371516
