# x rho rhou E
0.00125000000000 0.15056879289706 0.00208739491398 176.63450798078264
0.00375000000000 0.15057309172286 0.00624711102415 176.64130788319284
0.00625000000000 0.15058199089337 0.01040623653195 176.65514264006904
0.00875000000000 0.15059558150808 0.01456704874243 176.67595716277111
0.01125000000000 0.15061401595487 0.01872892238582 176.70388078154775
0.01375000000000 0.15063736828870 0.02289236178927 176.73897960524323
0.01625000000000 0.15066570165261 0.02705753215355 176.78133599638971
0.01875000000000 0.15069904930357 0.03122514340293 176.83099084576355
0.02125000000000 0.15073743536798 0.03539613593828 176.88796688726450
0.02375000000000 0.15078087302638 0.03957168411153 176.95227230610845
0.02625000000000 0.15082936080727 0.04375304288507 177.02391247123026
0.02875000000000 0.15088286929850 0.04794152027708 177.10288954473560
0.03125000000000 0.15094132235501 0.05213853618777 177.18919155954745
0.03375000000000 0.15100457875443 0.05634566589031 177.28277866967025
0.03625000000000 0.15107242118897 0.06056457300552 177.38357642362135
0.03875000000000 0.15114455795732 0.06479682143945 177.49148102613682
0.04125000000000 0.15122064011659 0.06904362865636 177.60637405394866
0.04375000000000 0.15130029552036 0.07330562130363 177.72814153314630
0.04625000000000 0.15138317850378 0.07758266122755 177.85669314830795
0.04875000000000 0.15146902761340 0.08187382652538 177.99197745175653
0.05125000000000 0.15155771468978 0.08617760210740 178.13398612643829
0.05375000000000 0.15164926417219 0.09049225272725 178.28274062420940
0.05625000000000 0.15174382918952 0.09481626636113 178.43826397340820
0.05875000000000 0.15184162793274 0.09914871658981 178.60055146399191
0.06125000000000 0.15194286041081 0.10348941959215 178.76955388642071
0.06375000000000 0.15204763596882 0.10783882778107 178.94517769455373
0.06625000000000 0.15215594076790 0.11219772604175 179.12729650155759
0.06875000000000 0.15226765827671 0.11656696168560 179.31576359267171
0.07125000000000 0.15238263108124 0.12094741311183 179.51041946852138
0.07375000000000 0.15250073075982 0.12534013152313 179.71109502099236
0.07625000000000 0.15262189553635 0.12974648767696 179.91760880922010
0.07875000000000 0.15274611415900 0.13416831441908 180.12975480165500
0.08125000000000 0.15287337282439 0.13860804629143 180.34728646976509
0.08375000000000 0.15300360757516 0.14306873964178 180.56991006192561
0.08625000000000 0.15313669462703 0.14755386343192 180.79729321737872
0.08875000000000 0.15327247727069 0.15206688998017 181.02908482349289
0.09125000000000 0.15341079973791 0.15661095372902 181.26493508638106
0.09375000000000 0.15355151794528 0.16118886483734 181.50450313101754
0.09625000000000 0.15369448289203 0.16580339668492 181.74744900090121
0.09875000000000 0.15383952092614 0.17045746059892 181.99342572820717
0.10125000000000 0.15398643816341 0.17515385193104 182.24209411799390
0.10375000000000 0.15413505061084 0.17989459756661 182.49316383098207
0.10625000000000 0.15428521478682 0.18468028367210 182.74643616737490
0.10875000000000 0.15443683584062 0.18950973289616 183.00182007312452
0.11125000000000 0.15458986264523 0.19437991702633 183.25932830289838
0.11375000000000 0.15474430195601 0.19928561934958 183.51909225253377
0.11625000000000 0.15490025889926 0.20421880164589 183.78140553274500
0.11875000000000 0.15505799839178 0.20916829607899 184.04679936156398
0.12125000000000 0.15521819689176 0.21411341475036 184.31644562947844
0.12375000000000 0.15538155945692 0.21903030761951 184.59154514348651
0.12625000000000 0.15554833133653 0.22390955255432 184.87255215940692
0.12875000000000 0.15571841537330 0.22874977857260 185.15938984282826
0.13125000000000 0.15589141586116 0.23355689447859 185.45153098282020
0.13375000000000 0.15606677633735 0.23834039880217 185.74821330883827
0.13625000000000 0.15624391484097 0.24311028601642 186.04863297385799
0.13875000000000 0.15642231117656 0.24787595329003 186.35205198425695
0.14125000000000 0.15660160241613 0.25264354724254 186.65792766546747
0.14375000000000 0.15678153679239 0.25741772597505 186.96583072596439
0.14625000000000 0.15696185056812 0.26220490870442 187.27525471288709
0.14875000000000 0.15714226064332 0.26701321427361 187.58560869921041
0.15125000000000 0.15732251125639 0.27184957696953 187.89640844862936
0.15375000000000 0.15750250416265 0.27671823858203 188.20738208574744
0.15625000000000 0.15768217036319 0.28162163776008 188.51840635030612
0.15875000000000 0.15786157743987 0.28655987662691 188.82954713769516
0.16125000000000 0.15804101190295 0.29152922652780 189.14115932302573
0.16375000000000 0.15822082574034 0.29652235136845 189.45386221043759
0.16625000000000 0.15840144360008 0.30153077257204 189.76837209978095
0.16875000000000 0.15858323580684 0.30654764831021 190.08530649751322
0.17125000000000 0.15876647277440 0.31156868172844 190.40511449511459
0.17375000000000 0.15895133056671 0.31659183037706 190.72808768610889
0.17625000000000 0.15913786914939 0.32161766578927 191.05432693518992
0.17875000000000 0.15932600409419 0.32664997169243 191.38369492017910
0.18125000000000 0.15951556392090 0.33169438028502 191.71590461622327
0.18375000000000 0.15970641570952 0.33675545018305 192.05071636254448
0.18625000000000 0.15989850718788 0.34183574428573 192.38800100738726
0.18875000000000 0.16009178225774 0.34693778441863 192.72760732395324
0.19125000000000 0.16028612459995 0.35206519901042 193.06928361756212
0.19375000000000 0.16048141022215 0.35722141661815 193.41276788143571
0.19625000000000 0.16067755485714 0.36240870527739 193.75785591956134
0.19875000000000 0.16087449521206 0.36762871186804 194.10436614256770
0.20125000000000 0.16107217447961 0.37288269137835 194.45212442494804
0.20375000000000 0.16127056187153 0.37817092932298 194.80100460113960
0.20625000000000 0.16146967215077 0.38349228666647 195.15096142174639
0.20875000000000 0.16166955570214 0.38884448427385 195.50201480259500
0.21125000000000 0.16187025801280 0.39422509203583 195.85418749509043
0.21375000000000 0.16207178546472 0.39963231828628 196.20745460038597
0.21625000000000 0.16227410567401 0.40506491206752 196.56175232395626
0.21875000000000 0.16247716067048 0.41052173938954 196.91701095064911
0.22125000000000 0.16268086671899 0.41600173691506 197.27316258546915
0.22375000000000 0.16288511106760 0.42150407545337 197.63013302124517
0.22625000000000 0.16308976078376 0.42702817754946 197.98784339438080
0.22875000000000 0.16329467686574 0.43257367256818 198.34621636489496
0.23125000000000 0.16349973722474 0.43814043685559 198.70517728929181
0.23375000000000 0.16370479667754 0.44372845968762 199.06465624600611
0.23625000000000 0.16390972497003 0.44933769775016 199.42460714588165
0.23875000000000 0.16411446508269 0.45496841274326 199.78498916004543
0.24125000000000 0.16431896439766 0.46062106973873 200.14576453800660
0.24375000000000 0.16452316822715 0.46629636235057 200.50689463292071
0.24625000000000 0.16472702722099 0.47199522738763 200.86833878934306
0.24875000000000 0.16493050506664 0.47771874442471 201.23006052832753
0.25125000000000 0.16513358241223 0.48346804378725 201.59203279378124
0.25375000000000 0.16533626200782 0.48924427066622 201.95424002561199
0.25625000000000 0.16553857240790 0.49504864080235 202.31667407464323
0.25875000000000 0.16574056254243 0.50088252046692 202.67932693044480
0.26125000000000 0.16594229051382 0.50674742025819 203.04218786258571
0.26375000000000 0.16614382040716 0.51264491214850 203.40524666517643
0.26625000000000 0.16634522345232 0.51857655076314 203.76849756950369
0.26875000000000 0.16654656870897 0.52454382862209 204.13193823686015
0.27125000000000 0.16674791264243 0.53054824903613 204.49556691752352
0.27375000000000 0.16694931467339 0.53659145339401 204.85937887633247
0.27625000000000 0.16715080853130 0.54267508723947 205.22335798614566
0.27875000000000 0.16735240551401 0.54880077272297 205.58747537956901
0.28125000000000 0.16755410126329 0.55497011389496 205.95168908169660
0.28375000000000 0.16775588269243 0.56118475371057 206.31594722549931
0.28625000000000 0.16795774399374 0.56744664496977 206.68014736320217
0.28875000000000 0.16815937935988 0.57375655947840 207.04420592638530
0.29125000000000 0.16836055958864 0.58011498822535 207.40804921157127
0.29375000000000 0.16856114085445 0.58652287441103 207.77156982394763
0.29625000000000 0.16876098993371 0.59298100581220 208.13466692844702
0.29875000000000 0.16895998963323 0.59948988700654 208.49724953717987
0.30125000000000 0.16915806113164 0.60604967713704 208.85924107707592
0.30375000000000 0.16935517120055 0.61266006229734 209.22058430053329
0.30625000000000 0.16955132516965 0.61932012910294 209.58124299392384
0.30875000000000 0.16974655475659 0.62602832191564 209.94120274273112
0.31125000000000 0.16994090975174 0.63278251648432 210.30047004913783
0.31375000000000 0.17013445630467 0.63958020427132 210.65906782235038
0.31625000000000 0.17032727283804 0.64641874119559 211.01702761392511
0.31875000000000 0.17051943181487 0.65329557872470 211.37438002532735
0.32125000000000 0.17071097204575 0.66020843424656 211.73114368767756
0.32375000000000 0.17090188407100 0.66715544164572 212.08731285318933
0.32625000000000 0.17109212219596 0.67413532895440 212.44284535672816
0.32875000000000 0.17128162636530 0.68114757542183 212.79765465682021
0.33125000000000 0.17147032497225 0.68819244500205 213.15160917929103
0.33375000000000 0.17165811610663 0.69527087671641 213.50453919701081
0.33625000000000 0.17184485852776 0.70238433875141 213.85624876566413
0.33875000000000 0.17203040122387 0.70953475894684 214.20652981974726
0.34125000000000 0.17221464096621 0.71672451371813 214.55517660561605
0.34375000000000 0.17239756316639 0.72395633807614 214.90199949629300
0.34625000000000 0.17257922977683 0.73123305072057 215.24683715961478
0.34875000000000 0.17275972093708 0.73855714898654 215.58956532427422
0.35125000000000 0.17293907074042 0.74593045344236 215.93010033557175
0.35375000000000 0.17311723171182 0.75335394403289 216.26839759119028
0.35625000000000 0.17329407399903 0.76082779410791 216.60444744052415
0.35875000000000 0.17346940978166 0.76835153916645 216.93827096327541
0.36125000000000 0.17364303552626 0.77592433874844 217.26991532283938
0.36375000000000 0.17381478097693 0.78354528033619 217.59944753249792
0.36625000000000 0.17398454266298 0.79121361377118 217.92694791647739
0.36875000000000 0.17415228741565 0.79892883157367 218.25250567207905
0.37125000000000 0.17431803721079 0.80669064071560 218.57621639582845
0.37375000000000 0.17448185358987 0.81449891962040 218.89817994915558
0.37625000000000 0.17464382504862 0.82235368407499 219.21849916397923
0.37875000000000 0.17480406670641 0.83025510426888 219.53727969270236
0.38125000000000 0.17496275159762 0.83820366634756 219.85462698725297
0.38375000000000 0.17512013572559 0.84620030678185 220.17063931832470
0.38625000000000 0.17527649119740 0.85424610113637 220.48540628542054
0.38875000000000 0.17543199071548 0.86234169942632 220.79901597573260
0.39125000000000 0.17558672861634 0.87048743307634 221.11155298022732
0.39375000000000 0.17574087625985 0.87868410825267 221.42308180129913
0.39625000000000 0.17589471099909 0.88693315839143 221.73364370897636
0.39875000000000 0.17604846387456 0.89523585020834 222.04326780214654
0.40125000000000 0.17620225843903 0.90359298033210 222.35197962549734
0.40375000000000 0.17635628439231 0.91200562877781 222.65979281078015
0.40625000000000 0.17651081688428 0.92047536902714 222.96670745927696
0.40875000000000 0.17666621290265 0.92900403242874 223.27270252298439
0.41125000000000 0.17682165525177 0.93758700517311 223.57772574297917
0.41375000000000 0.17697582399583 0.94621682014525 223.88183163068294
0.41625000000000 0.17712824220481 0.95488980213706 224.18498462550070
0.41875000000000 0.17727860535398 0.96360304866879 224.48718428896478
0.42125000000000 0.17742676504355 0.97235414868896 224.78843744716278
0.42375000000000 0.17757267189619 0.98114099878818 225.08875977214817
0.42625000000000 0.17771632084227 0.98996156901894 225.38817611390044
0.42875000000000 0.17785773119419 0.99881387304223 225.68671635701639
0.43125000000000 0.17799694672522 1.00769606327279 225.98441151361601
0.43375000000000 0.17813403050147 1.01660647885243 226.28129144297600
0.43625000000000 0.17826904353575 1.02554358143883 226.57738467643097
0.43875000000000 0.17840202629172 1.03450589142147 226.87272082763633
0.44125000000000 0.17853303847825 1.04349224156717 227.16733268377220
0.44375000000000 0.17866227443335 1.05250247391637 227.46125200540828
0.44625000000000 0.17879014768009 1.06153797733854 227.75450247555870
0.44875000000000 0.17891721379417 1.07060124027988 228.04710323870535
0.45125000000000 0.17904396645878 1.07969459857779 228.33907780432764
0.45375000000000 0.17917067573968 1.08881919160706 228.63046155257726
0.45625000000000 0.17929749761439 1.09797556021845 228.92130334715569
0.45875000000000 0.17942469986211 1.10716497331740 229.21164924019590
0.46125000000000 0.17955266624919 1.11638952281201 229.50155026129329
0.46375000000000 0.17968190021361 1.12565213929428 229.79106670376348
0.46625000000000 0.17981308968989 1.13495700766681 230.08026788856213
0.46875000000000 0.17994720018195 1.14431018501325 230.36923260757550
0.47125000000000 0.18008554618649 1.15372011721244 230.65804957329641
0.47375000000000 0.18022981961310 1.16319810587595 230.94681957294014
0.47625000000000 0.18038213287587 1.17275844665410 231.23564571489135
0.47875000000000 0.18054499465489 1.18241813889941 231.52466008897593
0.48125000000000 0.18072126912909 1.19219732585092 231.81399247257755
0.48375000000000 0.18091421929052 1.20211926869283 232.10379051631702
0.48625000000000 0.18112758174500 1.21221105246709 232.39421466162062
0.48875000000000 0.18136570273014 1.22250458638403 232.68544372415130
0.49125000000000 0.18163371678771 1.23303795110236 232.97768115261920
0.49375000000000 0.18193775718649 1.24385705410161 233.27116059127712
0.49625000000000 0.18228521180513 1.25501762391490 233.56615595737458
0.49875000000000 0.18268504609947 1.26658777460760 233.86299312645735
0.50125000000000 0.18314821555998 1.27865128917672 234.16206550862779
0.50375000000000 0.18368818190949 1.29131174988105 234.46385366592796
0.50625000000000 0.18432154444239 1.30469763697644 234.76894920795249
0.50875000000000 0.18506879308618 1.31896847907741 235.07808401772274
0.51125000000000 0.18595517207023 1.33432201868714 235.39216498429735
0.51375000000000 0.18701162451490 1.35100221567551 235.71231400189487
0.51625000000000 0.18827578867701 1.36930790333608 236.03991293673161
0.51875000000000 0.18979303176905 1.38960201226042 236.37665338841907
0.52125000000000 0.19161751207967 1.41232130834047 236.72459104204421
0.52375000000000 0.19381324695825 1.43798649247884 237.08620393114958
0.52625000000000 0.19645515818899 1.46721245705739 237.46445362454330
0.52875000000000 0.19963009340249 1.50071868736628 237.86284907661337
0.53125000000000 0.20343787347139 1.53934018370241 238.28551453942782
0.53375000000000 0.20799245333959 1.58403958318463 238.73726438375195
0.53625000000000 0.21342327774653 1.63592114585539 239.22368795263824
0.53875000000000 0.21987686413909 1.69624692047532 239.75124658521429
0.54125000000000 0.22751857183334 1.76645484875633 240.32738304184511
0.54375000000000 0.23653443840136 1.84817793938211 240.96064108093344
0.54625000000000 0.24713289703439 1.94326306560962 241.66079029106692
0.54875000000000 0.25954614938736 2.05378755294762 242.43894903559428
0.55125000000000 0.27403097361984 2.18207167130282 243.30769719816249
0.55375000000000 0.29086880274445 2.33068549869616 244.28117089831952
0.55625000000000 0.31036500109607 2.50244930247463 245.37513343877544
0.55875000000000 0.33284736883727 2.70042737586323 246.60701965195958
0.56125000000000 0.35866398811531 2.92791594698604 247.99595387372830
0.56375000000000 0.38818057677936 3.18842623357603 249.56274508010819
0.56625000000000 0.42177753675350 3.48566393520019 251.32986558216544
0.56875000000000 0.45984686886934 3.82350636043831 253.32141909691663
0.57125000000000 0.50278904415986 4.20597773279680 255.56309686714866
0.57375000000000 0.55100971602559 4.63722159559953 258.08210607703705
0.57625000000000 0.60491575965332 5.12146609274878 260.90703306313640
0.57875000000000 0.66490949082173 5.66297272024579 264.06757528901016
0.58125000000000 0.73137908872598 6.26595201081018 267.59404791202041
0.58375000000000 0.80468242890443 6.93442199988342 271.51655552005559
0.58625000000000 0.88512056215964 7.67198183374147 275.86361942951100
0.58875000000000 0.97290577068989 8.48097123525659 280.64892809370019
0.59125000000000 1.06517098351437 9.33822432213668 285.71505767746072
0.59375000000000 1.15367531777545 10.17094241545131 290.88821787015786
0.59625000000000 1.23741354328692 10.97068186747078 296.06465756261485
0.59875000000000 1.31655404928976 11.73810003007057 301.21962555312416
0.60125000000000 1.39117256155876 12.47324230266905 306.34385925441933
0.60375000000000 1.46131617052393 13.17584771229775 311.41993984951057
0.60625000000000 1.52704163934637 13.84576799937241 316.43440272237990
0.60875000000000 1.58844197086489 14.48341033517208 321.38361365398680
0.61125000000000 1.64564470834108 15.08962717144281 326.26650454164758
0.61375000000000 1.69883041763416 15.66542111582352 331.07945576070102
0.61625000000000 1.74827896315915 16.21203104241031 335.82393414964008
0.61875000000000 1.79433028655686 16.73142482863353 340.50666450404231
0.62125000000000 1.83722256032995 17.22619401201171 345.12000731292471
0.62375000000000 1.87713623187395 17.69821736239344 349.65873137009413
0.62625000000000 1.91459289109927 18.14863345534512 354.16785407605590
0.62875000000000 1.95012389714455 18.57895426807713 358.68854020677423
0.63125000000000 1.98314589081517 18.98866321950272 363.08883733120882
0.63375000000000 2.01297919569404 19.37702950028504 367.28306986035938
0.63625000000000 2.04118032724362 19.74946994220542 371.46492253290069
0.63875000000000 2.06989522855428 20.10873933995397 375.87395329729867
0.64125000000000 2.11208479244359 20.51050529422353 382.38849422412795
0.64375000000000 2.28661656364575 20.85427345159378 410.46458812238939
0.64625000000000 3.01697798386915 19.23934615215843 542.18444774222939
0.64875000000000 4.36650593895778 12.27903127605605 830.52519639352806
0.65125000000000 4.85830401543242 9.00712718142107 946.50583226148024
0.65375000000000 4.95449279187588 8.85859921952231 966.85899774788527
0.65625000000000 4.95058000581765 9.23640199753997 964.69579658120483
0.65875000000000 4.89751138821190 10.03934545361856 949.84567194654744
0.66125000000000 4.82734742861655 10.86730268611993 931.75111403627170
0.66375000000000 4.76450940066768 11.50074352728217 916.91402014277719
0.66625000000000 4.70023450876894 12.05900150056764 902.39843149068531
0.66875000000000 4.63326428664270 12.58662627757393 887.60607702870971
0.67125000000000 4.56852222379632 13.10728050463590 872.56893653210216
0.67375000000000 4.50913991627071 13.63265275182730 857.37071032413235
0.67625000000000 4.45843738736003 14.17363361775124 842.07957484416909
0.67875000000000 4.41794737798148 14.73389348103311 826.94372426210407
0.68125000000000 4.38684704173123 15.31410466733671 812.00878701403826
0.68375000000000 4.36319909971748 15.91192032696407 797.24129444678510
0.68625000000000 4.34478740347116 16.52256797083886 782.59616544067717
0.68875000000000 4.32948979814559 17.14034143928234 768.02650802681092
0.69125000000000 4.31549523202741 17.75954659634395 753.50563460703574
0.69375000000000 4.30166534484323 18.37852655557002 739.07894169652957
0.69625000000000 4.28769716712639 19.00279598639841 724.84814351190391
0.69875000000000 4.27231712518146 19.61784568274324 710.71091023588906
0.70125000000000 4.25128469473403 20.19275662069321 696.29665898166684
0.70375000000000 4.22012627002389 20.68659243140227 680.82726772384081
0.70625000000000 4.17719368386756 21.07242227005640 663.58931357888355
0.70875000000000 4.12711937708794 21.37498696800870 645.10474996556218
0.71125000000000 4.07806783918338 21.65055329888464 626.79767765489760
0.71375000000000 4.03181466556577 21.92847750874519 608.96754367443373
0.71625000000000 3.99061256751592 22.23750393549571 591.97436035016676
0.71875000000000 3.95745738734041 22.61927896527426 576.31423779078887
0.72125000000000 3.93444619531301 23.10537606900421 562.32545226245054
0.72375000000000 3.92168750107358 23.69897987337542 550.09889291066270
0.72625000000000 3.91802860710481 24.40351247597699 540.07012767811648
0.72875000000000 3.93006164908221 25.32808501611079 533.31448087629974
0.73125000000000 3.97784981115415 26.57524426645686 529.50350035762858
0.73375000000000 4.04944458204968 28.02755209897962 527.34379163429708
0.73625000000000 4.12763913483397 29.59274660202749 526.45221912383215
0.73875000000000 4.22292323898447 31.36427265530019 526.54628979021413
0.74125000000000 4.33156396856156 33.28958956973597 527.46361689979403
0.74375000000000 4.42948190858016 35.17566427619196 529.05651955229337
0.74625000000000 4.52286701969813 37.05388009623312 531.09756712546368
0.74875000000000 4.61614994283979 38.95869202477426 533.35418103365532
0.75125000000000 4.70286245834555 40.83431870938441 535.68569308994086
0.75375000000000 4.76976960603236 42.56629268395118 538.05136009099715
0.75625000000000 4.80741979892153 44.06245518495696 541.48208967713083
0.75875000000000 4.81096618118260 45.09495494629940 542.64359619792810
0.76125000000000 4.76445489874898 45.75035951626248 540.26586592140620
0.76375000000000 4.71758773195056 46.40549458793059 539.68210601177157
0.76625000000000 4.69698676920471 47.16423808505854 540.53623221652867
0.76875000000000 4.69393865955711 48.00951080084645 543.82120361410500
0.77125000000000 4.68508698808577 48.57573104004176 546.47405558302080
0.77375000000000 4.63912909399523 48.87887856111983 546.44375587646869
0.77625000000000 4.59302428320473 49.17680994157374 547.14074586015408
0.77875000000000 4.55314964221527 49.38872525915309 549.04933613604999
0.78125000000000 4.50877480257383 49.47007599659013 550.89303127597850
0.78375000000000 4.45784113760668 49.48366432728926 552.71073714073282
0.78625000000000 4.40647317785414 49.45040111437262 554.12000086503508
0.78875000000000 4.33646320938593 49.09058267493030 553.98780803886245
0.79125000000000 4.20706171754652 48.03392328777289 550.35654029256750
0.79375000000000 3.99947068175707 46.12501294505353 541.22491641742863
0.79625000000000 3.71087210149971 43.25743500983542 526.05462382803910
0.79875000000000 3.32903595276904 39.22131947853331 503.69793700225171
0.80125000000000 2.84586854877143 33.89516101245387 473.98269184494563
0.80375000000000 2.36161869009099 28.39826106293184 442.57308816769813
0.80625000000000 1.95767167018102 23.77934113577309 415.56111200991563
0.80875000000000 1.63663287671454 20.08222997513075 393.71238253561353
0.81125000000000 1.39185600206060 17.25077566887602 376.84672118954416
0.81375000000000 1.21305940719794 15.18610312275545 364.55342182931429
0.81625000000000 1.08817815165689 13.76128606651237 356.20833106915194
0.81875000000000 1.00456838599458 12.83074424303964 350.85403455751384
0.82125000000000 0.95098115206313 12.26383808384606 347.69579736836016
0.82375000000000 0.91876431751599 11.96644987172539 346.45030922990651
0.82625000000000 0.90049935839986 11.84606919206956 346.37908091680663
0.82875000000000 0.88991029404885 11.81720424462240 347.09938173738152
0.83125000000000 0.88365789265140 11.83774371125743 348.32510795676569
0.83375000000000 0.88120497353009 11.91690704457035 349.44426190656463
0.83625000000000 0.88111433768932 12.03054187191585 350.79922442299255
0.83875000000000 0.88262012281261 12.15974987264564 352.68278629242963
0.84125000000000 0.88516590972200 12.30271918014833 354.81065027411239
0.84375000000000 0.88831387851056 12.45331190697786 357.11838482591088
0.84625000000000 0.89152542422508 12.60103241872102 359.57301182806248
0.84875000000000 0.89503055222160 12.75186276515496 362.38236565947466
0.85125000000000 0.89905967834270 12.90355695809742 365.46359790909332
0.85375000000000 0.90275427151074 13.03533800451041 368.13171324151364
0.85625000000000 0.90921405775944 13.22835104666722 372.52228992739634
0.85875000000000 0.92563176516921 13.67987893644840 383.93282178021303
0.86125000000000 0.89521901899171 12.85484105810400 362.07780348686185
0.86375000000000 0.57892423940078 5.11889992649551 167.43499536892216
0.86625000000000 0.34871136184720 0.69747919227587 61.57213490565668
0.86875000000000 0.30210749949593 0.05926059787702 46.92608768275764
0.87125000000000 0.29767000287364 0.00880314449919 45.85051441117584
0.87375000000000 0.29781900653492 0.00578686343992 45.88269907162498
0.87625000000000 0.29856954882200 0.00639706213644 46.04695352328314
0.87875000000000 0.29925769956862 0.00660242094497 46.19724409218139
0.88125000000000 0.29992482192248 0.00665551272640 46.34239561415990
0.88375000000000 0.30054084712094 0.00691228888887 46.47578118117511
0.88625000000000 0.30109117999599 0.00748377946532 46.59416725610086
0.88875000000000 0.30158522576432 0.00831940430455 46.69958346440968
0.89125000000000 0.30203663603593 0.00930866188830 46.79505806560147
0.89375000000000 0.30245679834678 0.01035607727667 46.88315702428088
0.89625000000000 0.30285418510567 0.01138136289992 46.96583552368101
0.89875000000000 0.30323242025297 0.01233024807767 47.04402502971413
0.90125000000000 0.30359519438028 0.01316706683937 47.11869742506549
0.90375000000000 0.30394649005962 0.01387572044786 47.19091672005145
0.90625000000000 0.30428584122863 0.01445406936534 47.26081514706120
0.90875000000000 0.30460639138325 0.01490623404683 47.32714191340415
0.91125000000000 0.30490169084711 0.01526835419417 47.38866973360981
0.91375000000000 0.30517060758151 0.01559941577067 47.44522213392572
0.91625000000000 0.30541389991506 0.01593204122194 47.49697763720540
0.91875000000000 0.30563124915990 0.01624739013549 47.54388977260483
0.92125000000000 0.30582268823849 0.01651430459116 47.58594638517860
0.92375000000000 0.30599117123810 0.01672325178142 47.62358534230909
0.92625000000000 0.30614146047141 0.01687672777571 47.65741677783309
0.92875000000000 0.30627820588310 0.01697713600452 47.68799761033729
0.93125000000000 0.30640474310818 0.01702610831019 47.71584196895187
0.93375000000000 0.30652296848426 0.01703281606544 47.74147858318943
0.93625000000000 0.30663338370583 0.01699112949590 47.76527775837592
0.93875000000000 0.30673626537062 0.01689835405353 47.78744544471409
0.94125000000000 0.30683283569836 0.01676243093122 47.80817698165109
0.94375000000000 0.30692422886009 0.01658305546460 47.82753821247881
0.94625000000000 0.30701103273159 0.01636032850697 47.84554399370161
0.94875000000000 0.30709300469106 0.01609289919677 47.86220337185028
0.95125000000000 0.30716923777644 0.01577779020156 47.87755481286943
0.95375000000000 0.30723866928310 0.01541057573560 47.89169273370769
0.95625000000000 0.30730075138276 0.01498599920704 47.90477428123575
0.95875000000000 0.30735595246446 0.01449920885481 47.91699785783127
0.96125000000000 0.30740563075604 0.01394721973671 47.92856078406743
0.96375000000000 0.30745116219163 0.01332973581439 47.93962298586972
0.96625000000000 0.30749295284352 0.01264875839158 47.95029800790043
0.96875000000000 0.30753005152899 0.01190736844181 47.96066635809859
0.97125000000000 0.30756037929944 0.01110874305755 47.97078836773916
0.97375000000000 0.30758159836040 0.01025629331562 47.98069654794215
0.97625000000000 0.30759225781063 0.00935491380781 47.99036508489196
0.97875000000000 0.30759403250904 0.00841220134106 47.99968032082332
0.98125000000000 0.30758679185586 0.00743831960451 48.00845378566484
0.98375000000000 0.30756322796473 0.00644508167246 48.01646998166217
0.98625000000000 0.30754269105284 0.00544418673263 48.02349126921397
0.98875000000000 0.30753251358204 0.00444591763505 48.02935160893963
0.99125000000000 0.30752820594498 0.00345295839603 48.03402270692737
0.99375000000000 0.30752714927434 0.00246652176323 48.03753904993472
0.99625000000000 0.30752805913388 0.00148464077134 48.03987952931531
0.99875000000000 0.30753078642163 0.00049909950734 48.04094551101203
