# x rho rhou E
0.00000000000000 0.15056830995714 0.00000000000000 176.63373533434290
0.00250000000000 0.15057035565981 0.00416834646044 176.63699346367667
0.00500000000000 0.15057696958092 0.00832631507730 176.64736615564408
0.00750000000000 0.15058818608920 0.01248655767413 176.66466437952317
0.01000000000000 0.15060418894517 0.01664779361958 176.68902791299971
0.01250000000000 0.15062507248189 0.02081045117081 176.72052700351367
0.01500000000000 0.15065090995367 0.02497469281173 176.75924750045402
0.01750000000000 0.15068174696880 0.02914098004581 176.80524926756135
0.02000000000000 0.15071761143974 0.03331014733052 176.85856301582243
0.02250000000000 0.15075852238920 0.03748326285315 176.91920309658150
0.02500000000000 0.15080448662476 0.04166155724612 176.98717523841358
0.02750000000000 0.15085549089590 0.04584630645368 177.06248414201102
0.03000000000000 0.15091148487502 0.05003886603186 177.14512663532480
0.03250000000000 0.15097236188503 0.05424073315600 177.23507832402916
0.03500000000000 0.15103794332551 0.05845354442699 177.33228215401510
0.03750000000000 0.15110797356389 0.06267894232968 177.43664764187167
0.04000000000000 0.15118212909354 0.06691834960365 177.54806144722835
0.04250000000000 0.15126004405594 0.07117271632902 177.66640489729247
0.04500000000000 0.15134135254894 0.07544230078078 177.79157357480156
0.04750000000000 0.15142574384673 0.07972656267124 177.92349518211645
0.05000000000000 0.15151301839713 0.08402424654202 178.06214031577014
0.05250000000000 0.15160312449030 0.08833367277454 178.20751836634108
0.05500000000000 0.15169615667950 0.09265316386324 178.35965555630736
0.05750000000000 0.15179231043612 0.09698146585642 178.51856415744297
0.06000000000000 0.15189180536312 0.10131802012152 178.68421822023214
0.06250000000000 0.15199480326506 0.10566299022778 178.85654541246484
0.06500000000000 0.15210135267518 0.11001703746172 179.03543403120401
0.06750000000000 0.15221138269558 0.11438099886132 179.22074623551950
0.07000000000000 0.15232474716006 0.11875572567494 179.41232828649487
0.07250000000000 0.15244129556053 0.12314216229851 179.61001573951268
0.07500000000000 0.15256093136261 0.12754150301653 179.81363423552941
0.07750000000000 0.15268362322617 0.13195533033715 180.02299208777339
0.08000000000000 0.15280936597236 0.13638576458651 180.23786470566023
0.08250000000000 0.15293812471403 0.14083556143059 180.45798184217915
0.08500000000000 0.15306980403964 0.14530802551792 180.68302846688641
0.08750000000000 0.15320425904318 0.14980668316027 180.91266003282783
0.09000000000000 0.15334133020755 0.15433486181257 181.14652410124944
0.09250000000000 0.15348086827278 0.15889550780820 181.38427549948014
0.09500000000000 0.15362272974477 0.16349137394013 181.62557537981706
0.09750000000000 0.15376675468749 0.16812530335058 181.87008027686829
0.10000000000000 0.15391275681164 0.17280021165955 182.11744333778020
0.10250000000000 0.15406054262833 0.17751860415447 182.36734373142184
0.10500000000000 0.15420994573006 0.18228185428759 182.61953285107029
0.10750000000000 0.15436084742713 0.18708968209091 182.87386580211421
0.11000000000000 0.15451317485480 0.19194000076291 183.13030364810533
0.11250000000000 0.15466690201566 0.19682875757687 183.38891433420571
0.11500000000000 0.15482207912571 0.20174940170019 183.64990432738693
0.11750000000000 0.15497887660609 0.20669228191750 183.91366485976985
0.12000000000000 0.15513773471153 0.21164339171838 184.18099691220908
0.12250000000000 0.15529945838238 0.21657616920623 184.45327113535393
0.12500000000000 0.15546451754335 0.22147491470823 184.73130319164781
0.12750000000000 0.15563297829227 0.22633431169353 185.01526654380228
0.13000000000000 0.15580458408283 0.23115691527719 185.30484264971307
0.13250000000000 0.15597883790984 0.23595096806268 185.59935504374801
0.13500000000000 0.15615515861324 0.24072642139163 185.89800540193073
0.13750000000000 0.15633298258914 0.24549315409872 186.20000658820237
0.14000000000000 0.15651186150779 0.25025924925466 186.50470941668431
0.14250000000000 0.15669150447390 0.25502947241124 186.81165423215475
0.14500000000000 0.15687166450722 0.25980919858865 187.12038929771660
0.14750000000000 0.15705206187728 0.26460592448373 187.43035077050320
0.15000000000000 0.15723241464029 0.26942756900714 187.74097423826970
0.15250000000000 0.15741254392953 0.27427968280427 188.05188423339689
0.15500000000000 0.15759238099635 0.27916551330277 188.36288982061666
0.15750000000000 0.15777188917498 0.28408653638503 188.67394717616935
0.16000000000000 0.15795127276587 0.28904105636352 188.98526049838441
0.16250000000000 0.15813084483680 0.29402335909861 189.29732924034784
0.16500000000000 0.15831100875875 0.29902513728847 189.61084881620792
0.16750000000000 0.15849217374873 0.30403847884300 189.92650432194782
0.17000000000000 0.15867466045016 0.30905782416054 190.24482937887493
0.17250000000000 0.15885869206320 0.31408002857703 190.56619380100526
0.17500000000000 0.15904439173114 0.31910424878262 190.89080214482664
0.17750000000000 0.15923174721491 0.32413266696838 191.21863656420868
0.18000000000000 0.15942061638519 0.32917032386246 191.54946262846522
0.18250000000000 0.15961083284792 0.33422264098308 191.88299486027407
0.18500000000000 0.15980230864273 0.33929306352773 192.21905660449971
0.18750000000000 0.15999500287853 0.34438383731408 192.55752787520339
0.19000000000000 0.16018882852976 0.34949807995998 192.89820431725792
0.19250000000000 0.16038365567822 0.35463954127035 193.24081370913410
0.19500000000000 0.16057937923151 0.35981106791667 193.58512274474256
0.19750000000000 0.16077592940068 0.36501452619032 193.93094466638033
0.20000000000000 0.16097324533785 0.37025140642150 194.27809885102135
0.20250000000000 0.16117127987719 0.37552256475329 194.62642910573095
0.20500000000000 0.16137002395388 0.38082759334108 194.97584812262417
0.20750000000000 0.16156951375705 0.38616469197259 195.32634884151133
0.21000000000000 0.16176980303868 0.39153136682568 195.67796148978849
0.21250000000000 0.16197091990348 0.39692546276501 196.03068776261836
0.21500000000000 0.16217284957156 0.40234551501264 196.38447910787042
0.21750000000000 0.16237554586929 0.40779036684687 196.73926570214019
0.22000000000000 0.16257893872304 0.41325890031743 197.09497958498517
0.22250000000000 0.16278292961300 0.41875015471761 197.45155036762895
0.22500000000000 0.16298739395560 0.42426343410641 197.80890061696596
0.22750000000000 0.16319219406002 0.42979826549947 198.16695178771070
0.23000000000000 0.16339719439516 0.43535439350067 198.52562799527044
0.23250000000000 0.16360227982032 0.44093179855502 198.88485538869332
0.23500000000000 0.16380728096187 0.44653041726005 199.24457523892795
0.23750000000000 0.16401212180664 0.45215034545760 199.60474671041203
0.24000000000000 0.16421674824725 0.45779196164638 199.96532999136286
0.24250000000000 0.16442110658178 0.46345583268666 200.32628780940593
0.24500000000000 0.16462514345160 0.46914278295124 200.68757990168206
0.24750000000000 0.16482881544436 0.47485383411923 201.04916692132079
0.25000000000000 0.16503209421924 0.48059010030683 201.41101657246708
0.25250000000000 0.16523497074201 0.48635271811454 201.77310763249113
0.25500000000000 0.16543746063564 0.49214285645644 202.13542913193004
0.25750000000000 0.16563960398537 0.49796180010136 202.49797377557883
0.26000000000000 0.16584145546899 0.50381099494912 202.86073209619465
0.26250000000000 0.16604307588323 0.50969199392733 203.22369301548594
0.26500000000000 0.16624453324898 0.51560636816014 203.58684827581612
0.26750000000000 0.16644589949326 0.52155564355096 203.95019431381564
0.27000000000000 0.16664723718182 0.52754129581575 204.31372917254487
0.27250000000000 0.16684860341960 0.53356489910949 204.67745070283408
0.27500000000000 0.16705004915223 0.53962811526414 205.04134902989605
0.27750000000000 0.16725159397378 0.54573257233308 205.40540172396675
0.28000000000000 0.16745324196110 0.55187988812258 205.76957327253251
0.28250000000000 0.16765498124419 0.55807165078080 206.13381657602014
0.28500000000000 0.16785681569384 0.56430970251308 206.49806269128914
0.28750000000000 0.16805860787669 0.57059558894934 206.86219723711997
0.29000000000000 0.16826003595942 0.57692965125032 207.22616121824046
0.29250000000000 0.16846093349516 0.58331269347187 207.58985637318938
0.29500000000000 0.16866116492891 0.58974562093742 207.95317726062606
0.29750000000000 0.16886060195508 0.59622908337663 208.31602774527778
0.30000000000000 0.16905914451973 0.60276342526662 208.67832325142425
0.30250000000000 0.16925673677352 0.60934858731443 209.03999649503265
0.30500000000000 0.16945336619929 0.61598396794286 209.40100062959559
0.30750000000000 0.16964905277947 0.62266833086806 209.76131028688201
0.31000000000000 0.16984383782730 0.62939981954874 210.12092182491048
0.31250000000000 0.17003777934006 0.63617608879686 210.47985075204252
0.31500000000000 0.17023095083145 0.64299453038506 210.83812540954472
0.31750000000000 0.17042343100982 0.64985252295983 211.19577815693532
0.32000000000000 0.17061527875187 0.65674763257194 211.55283508731313
0.32250000000000 0.17080650887884 0.66367776459101 211.90930424095450
0.32500000000000 0.17099709096496 0.67064132666614 212.26516300868715
0.32750000000000 0.17118697006305 0.67763740844152 212.62034762322685
0.33000000000000 0.17137608177016 0.68466588755894 212.97474860207183
0.33250000000000 0.17156434201104 0.69172738490968 213.32821404374593
0.33500000000000 0.17175162824414 0.69882311908104 213.68055942776476
0.33750000000000 0.17193778809779 0.70595479078796 214.03158093762320
0.34000000000000 0.17212268710699 0.71312455472530 214.38106987992137
0.34250000000000 0.17230626414125 0.72033498849867 214.72882690888656
0.34500000000000 0.17248854800146 0.72758891485970 215.07467518695745
0.34750000000000 0.17266961847658 0.73488904398900 215.41847111195824
0.35000000000000 0.17284953940559 0.74223756907562 215.76011063313251
0.35250000000000 0.17302830620099 0.74963589719194 216.09953005391168
0.35500000000000 0.17320582849315 0.75708459089407 216.43670279630314
0.35750000000000 0.17338194314310 0.76458347705430 216.77163509131890
0.36000000000000 0.17355644835836 0.77213186589401 217.10436173313218
0.36250000000000 0.17372915150760 0.77972884421128 217.43494067236199
0.36500000000000 0.17389991336750 0.78737356039993 217.76344630211668
0.36750000000000 0.17406866687116 0.79506538489524 218.08996377327276
0.37000000000000 0.17423540860614 0.80280392342003 218.41458574768066
0.37250000000000 0.17440018205398 0.81058897335510 218.73741020945781
0.37500000000000 0.17456306356257 0.81842048523804 219.05853855406170
0.37750000000000 0.17472415319819 0.82629854201207 219.37807509247156
0.38000000000000 0.17488358949850 0.83422344386673 219.69612610876968
0.38250000000000 0.17504158808434 0.84219590536307 220.01279428784596
0.38500000000000 0.17519842809532 0.85021700498502 220.32817301025671
0.38750000000000 0.17535434192978 0.85828765528077 220.64235024860213
0.39000000000000 0.17550944754602 0.86640826824823 220.95541388397169
0.39250000000000 0.17566385997596 0.87457932098367 221.26744043469222
0.39500000000000 0.17581781520046 0.88280199265708 221.57848160464542
0.39750000000000 0.17597158916699 0.89107774612618 221.88857137790592
0.40000000000000 0.17612534686119 0.89940755586845 222.19773637250341
0.40250000000000 0.17627922679829 0.90779227922831 222.50599853863554
0.40500000000000 0.17643346670634 0.91623322960092 222.81336209437262
0.40750000000000 0.17658838794344 0.92473236573614 223.11982649702168
0.41000000000000 0.17674405892635 0.93328932209776 223.42532928273454
0.41250000000000 0.17689893244907 0.94189632074514 223.72989662794092
0.41500000000000 0.17705227503611 0.95054810764076 224.03352756416839
0.41750000000000 0.17720369306487 0.95924155377780 224.33620334085742
0.42000000000000 0.17735296524510 0.96797400214251 224.63792845123544
0.42250000000000 0.17750000102776 0.97674323214671 224.93871358358132
0.42500000000000 0.17764477794705 0.98554719505327 225.23857938823755
0.42750000000000 0.17778730369154 0.99438387412356 225.53755380049873
0.43000000000000 0.17792760965077 1.00325134032661 225.83566766357592
0.43250000000000 0.17806575088118 1.01214784054758 226.13295158372026
0.43500000000000 0.17820179287956 1.02107178864485 226.42943461296278
0.43750000000000 0.17833578652169 1.03002167236062 226.72514540467409
0.44000000000000 0.17846777127403 1.03899610459097 227.02011518128862
0.44250000000000 0.17859785781320 1.04799432256172 227.31437720838647
0.44500000000000 0.17872634786192 1.05701692401652 227.60795967346527
0.44750000000000 0.17885374676538 1.06606597324971 227.90088276341001
0.45000000000000 0.17898060644280 1.07514405348237 228.19316701716107
0.45250000000000 0.17910731804259 1.08425296439954 228.48484054095545
0.45500000000000 0.17923405898185 1.09339334676887 228.77594726840857
0.45750000000000 0.17936102964560 1.10256602269927 229.06653531715364
0.46000000000000 0.17948855937917 1.11177269574239 229.35665180041991
0.46250000000000 0.17961708719095 1.12101584745599 229.64635243833635
0.46500000000000 0.17974719772860 1.13029896465841 229.93570200490717
0.46750000000000 0.17987970632285 1.13962708982380 230.22477451232930
0.47000000000000 0.18001574713237 1.14900742675571 230.51365350335547
0.47250000000000 0.18015682030505 1.15844976893157 230.80243456849897
0.47500000000000 0.18030482266348 1.16796699382748 231.09121731911927
0.47750000000000 0.18046207489886 1.17757468528454 231.38012152209234
0.48000000000000 0.18063126134468 1.18729142039317 231.66927770589547
0.48250000000000 0.18081543860414 1.19713886032849 231.95882354226177
0.48500000000000 0.18101809358972 1.20714206293073 232.24891370215624
0.48750000000000 0.18124324727303 1.21733038357751 232.53971647002129
0.49000000000000 0.18149561593640 1.22773862519337 232.83142260933033
0.49250000000000 0.18178080475131 1.23840855930079 233.12424956854741
0.49500000000000 0.18210553870596 1.24939072347615 233.41844979402623
0.49750000000000 0.18247794893153 1.26074667640664 233.71432152338235
0.50000000000000 0.18290793812452 1.27255190631021 234.01222217915080
0.50250000000000 0.18340764343711 1.28489952163987 234.31258605765413
0.50500000000000 0.18399200885981 1.29790485162789 234.61594593940816
0.50750000000000 0.18467947742439 1.31171106562146 234.92295956928962
0.51000000000000 0.18549280238221 1.32649584599486 235.23444165553798
0.51250000000000 0.18645995558319 1.34247899942152 235.55140127309818
0.51500000000000 0.18761510067210 1.35993080412380 235.87508437957030
0.51750000000000 0.18899960906900 1.37918095492458 236.20702119206223
0.52000000000000 0.19066310967291 1.40062805514470 236.54907829154996
0.52250000000000 0.19266455768164 1.42474956195527 236.90351505078826
0.52500000000000 0.19507329401901 1.45211198475811 237.27304346711622
0.52750000000000 0.19797007587134 1.48338119321529 237.66089062102631
0.53000000000000 0.20144810169955 1.51933300745503 238.07086427170003
0.53250000000000 0.20561410363210 1.56086462731256 238.50742381795826
0.53500000000000 0.21058959780906 1.60900761838836 238.97575978074707
0.53750000000000 0.21651235392895 1.66494298025569 239.48188457641126
0.54000000000000 0.22353808135743 1.73001835058051 240.03273585792425
0.54250000000000 0.23184225142208 1.80576679158866 240.63629146449054
0.54500000000000 0.24162190089389 1.89392598714856 241.30169239546777
0.54750000000000 0.25309720614185 1.99645617712908 242.03936769810190
0.55000000000000 0.26651259877166 2.11555492035209 242.86115336405325
0.55250000000000 0.28213722423016 2.25366692730929 243.78039693906922
0.55500000000000 0.30026462170414 2.41348773955994 244.81204089746484
0.55750000000000 0.32121160496107 2.59796079925852 245.97268045411130
0.56000000000000 0.34531641944654 2.81026821074598 247.28059449730219
0.56250000000000 0.37293631945283 3.05381606887253 248.75575148812567
0.56500000000000 0.40444474567418 3.33221556755551 250.41979548637471
0.56750000000000 0.44022828832904 3.64926118346170 252.29601907849326
0.57000000000000 0.48068357810991 4.00890689748595 254.40932637434091
0.57250000000000 0.52621411197014 4.41524033879947 256.78617842379288
0.57500000000000 0.57722672711973 4.87245242778620 259.45449537747891
0.57750000000000 0.63412692224688 5.38479597650085 262.44346425482513
0.58000000000000 0.69731148026883 5.95652046943725 265.78317132902953
0.58250000000000 0.76715598765274 6.59176256272524 269.50395563110396
0.58500000000000 0.84399404057281 7.29436460797351 273.63532779266615
0.58750000000000 0.92808929476162 8.06764591674239 278.20562018257141
0.59000000000000 1.01910190593890 8.90881232631172 283.16057062745085
0.59250000000000 1.11003426947194 9.75884237398782 288.29620523990337
0.59500000000000 1.19612623987185 10.57486309237122 293.47915103831428
0.59750000000000 1.27755269690856 11.35842060336886 298.64509333117235
0.60000000000000 1.35442535203738 12.10971715644363 303.78661354779967
0.60250000000000 1.42680087953373 12.82863145508926 308.88899224442673
0.60500000000000 1.49472626839646 13.51488250596870 313.93529307369948
0.60750000000000 1.55827523832844 14.16857665120303 318.91716463714624
0.61000000000000 1.61755859021226 14.79038625127978 323.83356183518316
0.61250000000000 1.67272483550421 15.38125972040590 328.68186899759291
0.61500000000000 1.72400039106065 15.94227439668859 333.45977386399380
0.61750000000000 1.77171014098248 16.47496925895321 338.17294887359702
0.62000000000000 1.81616294136818 16.98173985187582 342.82319032725854
0.62250000000000 1.85753052410355 17.46497559523369 347.39693685702247
0.62500000000000 1.89612453139880 17.92605017834891 351.91363512179396
0.62750000000000 1.93260194129077 18.36620974512125 356.42885172130440
0.63000000000000 1.96702782206487 18.78661166946877 360.91721174674439
0.63250000000000 1.99841419213004 19.18515154619079 365.20128968191079
0.63500000000000 2.02714230250624 19.56517555710673 369.36407443483222
0.63750000000000 2.05528266675893 19.93003887491982 373.61231810592795
0.64000000000000 2.08658533892737 20.28933196490928 378.45999375453192
0.64250000000000 2.16579280948639 20.74606731291982 390.81012440344682
0.64500000000000 2.54091634082128 20.58269622177903 454.41747440969345
0.64750000000000 3.72962347354230 16.06138568104963 687.92845649320884
0.65000000000000 4.70274162340790 9.90093295312815 910.25417742490094
0.65250000000000 4.92805764457876 8.81803783086333 961.74179608257930
0.65500000000000 4.95884598294615 8.99181021242956 967.24591321933985
0.65750000000000 4.92958471951143 9.59191595070234 958.72001709430992
0.66000000000000 4.86127106217610 10.48820459925980 940.24099844831915
0.66250000000000 4.79581528495264 11.19782650207036 924.18756177852140
0.66500000000000 4.73277388235820 11.78584189298436 909.67939907205812
0.66750000000000 4.66680970525625 12.32476445136509 895.03985707001129
0.67000000000000 4.60041820454569 12.84702480404919 880.11124207090518
0.67250000000000 4.53794492729641 13.36857585309147 864.98762330779505
0.67500000000000 4.48254095974838 13.90083927022122 849.72165205846295
0.67750000000000 4.43692673624057 14.45125224779004 834.48554957835120
0.68000000000000 4.40133138121474 15.02157785233971 819.45279326052446
0.68250000000000 4.37422923217144 15.61107142408407 804.60676199238878
0.68500000000000 4.35347636425195 16.21599087829859 789.90648998939241
0.68750000000000 4.33687227128124 16.83091677761058 775.30443950657991
0.69000000000000 4.32242357244705 17.45005936810108 760.75969651824357
0.69250000000000 4.30859355747236 18.06884909775320 746.27342463182708
0.69500000000000 4.29470692313443 18.69005909483981 731.93780820831648
0.69750000000000 4.28040159473786 19.31322227022847 717.78371811968952
0.70000000000000 4.26281711272582 19.91271679724063 703.57795649965669
0.70250000000000 4.23718155236741 20.45234888130278 688.75254146937596
0.70500000000000 4.20002096330880 20.89290372825788 672.43880209180190
0.70750000000000 4.15241622594702 21.23042390814199 654.39251337368137
0.71000000000000 4.10231334534218 21.51359768061587 635.90320790538374
0.71250000000000 4.05448674278322 21.78793818378337 617.80642048449454
0.71500000000000 4.01039313979590 22.07656084011092 600.33531057246705
0.71750000000000 3.97285745040933 22.41680010110728 583.94934061326626
0.72000000000000 3.94462993795901 22.84835409637067 569.10250620463751
0.72250000000000 3.92685215841577 23.38953685102949 555.98468379936230
0.72500000000000 3.91890389681436 24.03406960758284 544.74207681289204
0.72750000000000 3.92044168356890 24.82741382586754 536.24985915454408
0.73000000000000 3.94941609732337 25.91442504299922 531.13184258073284
0.73250000000000 4.01230214249756 27.28669714951830 528.26629306079371
0.73500000000000 4.08761746120349 28.79216228155906 526.73463494949749
0.73750000000000 4.17201393672469 30.44787979574633 526.40671682028506
0.74000000000000 4.27800109955502 32.32529282169227 526.90358480173279
0.74250000000000 4.38161848358759 34.23629797254289 528.19326523930249
0.74500000000000 4.47632789488916 36.11380070002706 530.03374328086068
0.74750000000000 4.56957439309273 38.00151144897718 532.20966587123871
0.75000000000000 4.66120879312605 39.90966818975277 534.52490584698023
0.75250000000000 4.73946157780435 41.72236231152814 536.82505496975898
0.75500000000000 4.79267981420331 43.35507886881924 539.70248280337819
0.75750000000000 4.81378780991899 44.64805548043584 542.50846506725156
0.76000000000000 4.79386721359066 45.44089707608732 541.65655110278544
0.76250000000000 4.73687242408516 46.06656421337266 539.69372258894464
0.76500000000000 4.70454448835354 46.77011739353929 539.93993490107027
0.76750000000000 4.69413135789638 47.59211278569325 541.75667567559083
0.77000000000000 4.69284757950385 48.34594565568080 545.71901669059150
0.77250000000000 4.66582611261943 48.73473785944400 546.50252018904780
0.77500000000000 4.61413123460760 49.03061471580450 546.61827783815568
0.77750000000000 4.57313671824011 49.29867364770890 548.00253700076223
0.78000000000000 4.53200439465095 49.44404448947533 550.03257664101875
0.78250000000000 4.48359466017502 49.47979730510707 551.76278836585277
0.78500000000000 4.43245643733623 49.48182577433967 553.58420840506687
0.78750000000000 4.37638634211528 49.33867873044925 554.29055486904190
0.79000000000000 4.28115172177643 48.66351889971791 552.79506894125768
0.79250000000000 4.11314930433988 47.19064414681667 546.51222371175299
0.79500000000000 3.86578433304207 44.82202287562842 534.44671492732095
0.79750000000000 3.53270301564421 41.40073982044908 515.86466948584302
0.80000000000000 3.09812005969067 36.70445660352125 489.62708545849898
0.80250000000000 2.59459635405792 31.04881479164210 457.88460027239267
0.80500000000000 2.14910477491557 25.97262408895844 428.42959821182899
0.80750000000000 1.78708456414352 21.81774055282309 403.99363944636860
0.81000000000000 1.50529868305296 18.56375070261635 384.67946567815056
0.81250000000000 1.29493467134759 16.12991205589706 370.15971222203473
0.81500000000000 1.14467464578934 14.40262594901037 359.94117984521557
0.81750000000000 1.04197697185975 13.24327829162726 353.22110565551395
0.82000000000000 0.97461695718651 12.50834682099562 349.02400428220380
0.82250000000000 0.93267289573072 12.08677928807698 346.85674833710539
0.82500000000000 0.90833290130454 11.89034060933226 346.33299999078929
0.82750000000000 0.89453683703067 11.82428307142958 346.61512163013964
0.83000000000000 0.88630230940026 11.82069190246544 347.72333835232803
0.83250000000000 0.88199948854356 11.87073848163382 348.88184649163952
0.83500000000000 0.88097192818445 11.97142999558666 350.06155841024577
0.83750000000000 0.88167797099636 12.09333573768052 351.68669245733565
0.84000000000000 0.88380343628839 12.22962474081585 353.72916424469696
0.84250000000000 0.88669507466651 12.37802597131355 355.94098358016925
0.84500000000000 0.88992668887389 12.52749938725058 358.32755192427754
0.84750000000000 0.89318815346009 12.67513757310061 360.90240722881038
0.85000000000000 0.89705308165366 12.82958145044835 363.95726240377178
0.85250000000000 0.90095426775823 12.97206437391559 366.85211306482802
0.85500000000000 0.90484571151369 13.10290577356941 369.55629390935496
0.85750000000000 0.91753132955999 13.45830018240439 378.27552368303481
0.86000000000000 0.92924895913739 13.77495764018847 386.21936155612877
0.86250000000000 0.76672358362581 9.52213589865526 276.98603126609555
0.86500000000000 0.42941735682995 2.09371800967441 94.44116418398998
0.86750000000000 0.31422350228588 0.20569989424268 50.24806478413078
0.87000000000000 0.29851916424198 0.01926505709711 46.04701885077341
0.87250000000000 0.29760100333243 0.00625417700534 45.83471704425574
0.87500000000000 0.29819466831615 0.00600715503174 45.96505657766460
0.87750000000000 0.29891680298397 0.00656204220874 46.12282444530788
0.88000000000000 0.29959526531473 0.00661784895854 46.27077736037967
0.88250000000000 0.30024097059553 0.00674681380190 46.41094157991122
0.88500000000000 0.30082391688355 0.00715869933590 46.53678554457214
0.88750000000000 0.30134433255399 0.00787518744457 46.64829689712829
0.89000000000000 0.30181551309998 0.00880171667568 46.74839578941742
0.89250000000000 0.30224996747847 0.00982991263458 46.83988055817755
0.89500000000000 0.30265805500580 0.01087601450342 46.92510386781745
0.89750000000000 0.30304550272257 0.01186781607080 47.00543920886638
0.90000000000000 0.30341545653893 0.01276425471371 47.08172767516416
0.90250000000000 0.30377213635566 0.01353760527800 47.15506929871181
0.90500000000000 0.30411798330263 0.01418128780293 47.22621102919874
0.90750000000000 0.30444898725314 0.01469471004254 47.29452489417311
0.91000000000000 0.30475737362067 0.01509474065501 47.35853732424071
0.91250000000000 0.30503939232498 0.01543483861880 47.41755486332164
0.91500000000000 0.30529543876039 0.01576537160972 47.47169453237775
0.91750000000000 0.30552587526554 0.01609433584241 47.52105030098410
0.92000000000000 0.30573008992521 0.01638796138240 47.56550640680528
0.92250000000000 0.30590951936698 0.01662594721565 47.60527982960047
0.92500000000000 0.30606827843407 0.01680669061239 47.64094044618223
0.92750000000000 0.30621127903402 0.01693348910107 47.67308111094941
0.93000000000000 0.30634260343027 0.01700780374647 47.70222919407681
0.93250000000000 0.30646482443052 0.01703397216270 47.72890463828186
0.93500000000000 0.30657916638396 0.01701934379086 47.75359674871426
0.93750000000000 0.30668569655911 0.01695026330223 47.77655016044726
0.94000000000000 0.30678526109392 0.01683584560757 47.79798458747393
0.94250000000000 0.30687912469793 0.01667815299175 47.81802744524707
0.94500000000000 0.30696819989518 0.01647715368011 47.83671024360680
0.94750000000000 0.30705266852413 0.01623234948606 47.85404064900418
0.95000000000000 0.30713190893549 0.01594155067801 47.87003819417654
0.95250000000000 0.30720485790016 0.01560101672551 47.88476700720184
0.95500000000000 0.30727062610925 0.01520578828079 47.89835367263967
0.95750000000000 0.30732914074346 0.01475062608881 47.91098042762528
0.96000000000000 0.30738138289019 0.01423144716934 47.92285077335651
0.96250000000000 0.30742885867678 0.01364658085601 47.93414638800485
0.96500000000000 0.30747255270484 0.01299700105173 47.94500330248991
0.96750000000000 0.30751219911676 0.01228541358218 47.95551631518254
0.97000000000000 0.30754621573017 0.01151501335966 47.96575519692310
0.97250000000000 0.30757225231222 0.01068899361370 47.97576898708891
0.97500000000000 0.30758826281080 0.00981131493129 47.98556565929651
0.97750000000000 0.30759390086511 0.00888813741543 47.99507748981769
0.98000000000000 0.30759226347918 0.00792844819614 48.00414793199785
0.98250000000000 0.30757654348832 0.00694334480421 48.01257084339168
0.98500000000000 0.30755127742018 0.00594486980797 48.02011944442399
0.98750000000000 0.30753664368634 0.00494440355028 48.02657022553048
0.99000000000000 0.30752982092421 0.00394871011271 48.03183458412056
0.99250000000000 0.30752739882819 0.00295889706705 48.03592309048629
0.99500000000000 0.30752730692785 0.00197536099850 48.03886333941094
0.99750000000000 0.30752951577135 0.00099324882783 48.04057241522118
1.00000000000000 0.30753117686112 0.00000000000000 48.04105438240525
