# x rho rhou E
0.00250000000000 0.99999816525686 -1.99999495752113 2.99999101589312
0.00750000000000 0.99999538650172 -1.99998732059665 2.99997740931970
0.01250000000000 0.99998934815020 -1.99997072528351 2.99994784181500
0.01750000000000 0.99997598635548 -1.99993400301463 2.99988241487382
0.02250000000000 0.99994749441992 -1.99985569939524 2.99974290509753
0.02750000000000 0.99988869252925 -1.99969409930496 2.99945499563524
0.03250000000000 0.99977145467314 -1.99937191841542 2.99888101402681
0.03750000000000 0.99954595693004 -1.99875227775735 2.99777716838882
0.04250000000000 0.99912820458019 -1.99760450684852 2.99573274597797
0.04750000000000 0.99838406740322 -1.99556049679825 2.99209269611885
0.05250000000000 0.99711182700593 -1.99206730847976 2.98587405546737
0.05750000000000 0.99502781939985 -1.98634899547572 2.97569983616400
0.06250000000000 0.99176241050304 -1.97739806494086 2.95978752140182
0.06750000000000 0.98687461800424 -1.96401994943858 2.93603451619864
0.07250000000000 0.97989113122342 -1.94494636077278 2.90222879791458
0.07750000000000 0.97036823566917 -1.91901240082944 2.85637397157300
0.08250000000000 0.95796492227707 -1.88536281010810 2.79706339785270
0.08750000000000 0.94250705765015 -1.84362891530608 2.72379474922579
0.09250000000000 0.92402141652993 -1.79401590082824 2.63711466373310
0.09750000000000 0.90272668811068 -1.73726572707948 2.53853330091136
0.10250000000000 0.87898255335459 -1.67450262661084 2.43022715446147
0.10750000000000 0.85321105537551 -1.60700445322131 2.31461248742165
0.11250000000000 0.82582060523611 -1.53597446098099 2.19389983693695
0.11750000000000 0.79724326047257 -1.46255590092803 2.06996774714116
0.12250000000000 0.76826601519777 -1.38899306020549 1.94719147901219
0.12750000000000 0.73976373835236 -1.31770238035766 1.82949989347969
0.13250000000000 0.71195555659023 -1.24903166882546 1.71732097810809
0.13750000000000 0.68489517588615 -1.18307947286219 1.61070321512179
0.14250000000000 0.65859502765106 -1.11983947669462 1.50955269711248
0.14750000000000 0.63306628180820 -1.05928179059584 1.41372827002573
0.15250000000000 0.60830258587258 -1.00134547751917 1.32304304505844
0.15750000000000 0.58429409435081 -0.94595973429114 1.23729762464912
0.16250000000000 0.56103009342766 -0.89305042723010 1.15629038064986
0.16750000000000 0.53849733178700 -0.84254016742853 1.07981857138045
0.17250000000000 0.51668211979677 -0.79435145945254 1.00768308918295
0.17750000000000 0.49557065132298 -0.74840744316512 0.93968970893546
0.18250000000000 0.47514872259953 -0.70463186949421 0.87564913484514
0.18750000000000 0.45540189061410 -0.66294934953607 0.81537738860600
0.19250000000000 0.43631549135022 -0.62328543004806 0.75869588343808
0.19750000000000 0.41787466221015 -0.58556670340398 0.70543143109819
0.20250000000000 0.40006454887819 -0.54972110930617 0.65541639987788
0.20750000000000 0.38287055202540 -0.51567826639744 0.60848885319061
0.21250000000000 0.36627852184927 -0.48336970500878 0.56449259321910
0.21750000000000 0.35027483485185 -0.45272890785775 0.52327708367167
0.22250000000000 0.33484626710959 -0.42369109268896 0.48469721636826
0.22750000000000 0.31997965695941 -0.39619277863851 0.44861296541962
0.23250000000000 0.30566144866909 -0.37017127700679 0.41488904354463
0.23750000000000 0.29187725941942 -0.34556427935354 0.38339468039426
0.24250000000000 0.27861161293170 -0.32230968742287 0.35400360140235
0.24750000000000 0.26584793216068 -0.30034575447972 0.32659421292088
0.25250000000000 0.25356879991627 -0.27961151686337 0.30104992370329
0.25750000000000 0.24175642386712 -0.26004742669600 0.27725949199587
0.26250000000000 0.23039321272675 -0.24159607073494 0.25511729605903
0.26750000000000 0.21946238700346 -0.22420287040278 0.23452347045183
0.27250000000000 0.20894859100704 -0.20781668401433 0.21538390412584
0.27750000000000 0.19883850962884 -0.19239025233396 0.19761013266136
0.28250000000000 0.18912149089896 -0.17788043135786 0.18111915991933
0.28750000000000 0.17979011568626 -0.16424814691029 0.16583321315636
0.29250000000000 0.17084054497505 -0.15145800176751 0.15167938211897
0.29750000000000 0.16227235225646 -0.13947748750777 0.13858904267031
0.30250000000000 0.15408750354050 -0.12827581705721 0.12649696739489
0.30750000000000 0.14628831318193 -0.11782250826312 0.11534014083897
0.31250000000000 0.13887466692348 -0.10808599246818 0.10505654279261
0.31750000000000 0.13184144448342 -0.09903261760081 0.09558443184115
0.32250000000000 0.12517747882062 -0.09062634801047 0.08686271455260
0.32750000000000 0.11886701164076 -0.08282917781534 0.07883259536140
0.33250000000000 0.11289319177315 -0.07560188810225 0.07143988873214
0.33750000000000 0.10724124399882 -0.06890457521395 0.06463657495663
0.34250000000000 0.10189799467921 -0.06269661690127 0.05838015576251
0.34750000000000 0.09684619249020 -0.05693639350646 0.05263067055136
0.35250000000000 0.09205651486362 -0.05158167019652 0.04734734053806
0.35750000000000 0.08748389195108 -0.04659134194729 0.04248783404074
0.36250000000000 0.08307293899283 -0.04192807550858 0.03801140070981
0.36750000000000 0.07876975173451 -0.03756044884961 0.03388360905511
0.37250000000000 0.07453172043008 -0.03346377120047 0.03007884012287
0.37750000000000 0.07033045034341 -0.02961989518495 0.02657919441386
0.38250000000000 0.06615068237493 -0.02601630736884 0.02337196339824
0.38750000000000 0.06198916233824 -0.02264453354375 0.02044770998419
0.39250000000000 0.05785178200795 -0.01949873012767 0.01779836812736
0.39750000000000 0.05374629441332 -0.01657561132208 0.01541445688710
0.40250000000000 0.04967437453080 -0.01387536251971 0.01328273224205
0.40750000000000 0.04563107981770 -0.01140185892325 0.01138638119776
0.41250000000000 0.04161587277132 -0.00916090686985 0.00970811178783
0.41750000000000 0.03765003054108 -0.00715670397078 0.00823417221944
0.42250000000000 0.03378551994594 -0.00538855768129 0.00695576407388
0.42750000000000 0.03009045991946 -0.00385097949154 0.00586516026351
0.43250000000000 0.02661736727791 -0.00253767969698 0.00494887651418
0.43750000000000 0.02338775686227 -0.00144349005570 0.00418579044593
0.44250000000000 0.02041505414603 -0.00055699761700 0.00355476316705
0.44750000000000 0.01772734757493 0.00014855982375 0.00304228444956
0.45250000000000 0.01532883534843 0.00070319650593 0.00263410714377
0.45750000000000 0.01313558471133 0.00110763396710 0.00229614477221
0.46250000000000 0.01102165143130 0.00133408624579 0.00198025700718
0.46750000000000 0.00898680504060 0.00139652230156 0.00166649731992
0.47250000000000 0.00718633454198 0.00138444232535 0.00138378756434
0.47750000000000 0.00569502969900 0.00131424141513 0.00114993605289
0.48250000000000 0.00450784178620 0.00118562612967 0.00095609712541
0.48750000000000 0.00370869866171 0.00100409476095 0.00081920982582
0.49250000000000 0.00337693565716 0.00073663952358 0.00077905179827
0.49750000000000 0.00335768624215 0.00030128539212 0.00079941733845
0.50250000000000 0.00335768624215 -0.00030128539212 0.00079941733845
0.50750000000000 0.00337693565716 -0.00073663952358 0.00077905179827
0.51250000000000 0.00370869866171 -0.00100409476095 0.00081920982582
0.51750000000000 0.00450784178620 -0.00118562612967 0.00095609712541
0.52250000000000 0.00569502969900 -0.00131424141513 0.00114993605289
0.52750000000000 0.00718633454198 -0.00138444232535 0.00138378756434
0.53250000000000 0.00898680504060 -0.00139652230156 0.00166649731992
0.53750000000000 0.01102165143130 -0.00133408624579 0.00198025700718
0.54250000000000 0.01313558471133 -0.00110763396710 0.00229614477221
0.54750000000000 0.01532883534843 -0.00070319650593 0.00263410714377
0.55250000000000 0.01772734757493 -0.00014855982375 0.00304228444956
0.55750000000000 0.02041505414603 0.00055699761700 0.00355476316705
0.56250000000000 0.02338775686227 0.00144349005570 0.00418579044593
0.56750000000000 0.02661736727791 0.00253767969698 0.00494887651418
0.57250000000000 0.03009045991946 0.00385097949154 0.00586516026351
0.57750000000000 0.03378551994594 0.00538855768129 0.00695576407388
0.58250000000000 0.03765003054108 0.00715670397078 0.00823417221944
0.58750000000000 0.04161587277132 0.00916090686985 0.00970811178783
0.59250000000000 0.04563107981770 0.01140185892325 0.01138638119776
0.59750000000000 0.04967437453080 0.01387536251971 0.01328273224205
0.60250000000000 0.05374629441332 0.01657561132208 0.01541445688710
0.60750000000000 0.05785178200795 0.01949873012767 0.01779836812736
0.61250000000000 0.06198916233824 0.02264453354375 0.02044770998419
0.61750000000000 0.06615068237493 0.02601630736884 0.02337196339824
0.62250000000000 0.07033045034341 0.02961989518495 0.02657919441386
0.62750000000000 0.07453172043008 0.03346377120047 0.03007884012287
0.63250000000000 0.07876975173451 0.03756044884961 0.03388360905511
0.63750000000000 0.08307293899283 0.04192807550858 0.03801140070981
0.64250000000000 0.08748389195108 0.04659134194729 0.04248783404074
0.64750000000000 0.09205651486362 0.05158167019652 0.04734734053806
0.65250000000000 0.09684619249020 0.05693639350646 0.05263067055136
0.65750000000000 0.10189799467921 0.06269661690127 0.05838015576251
0.66250000000000 0.10724124399882 0.06890457521395 0.06463657495663
0.66750000000000 0.11289319177315 0.07560188810225 0.07143988873214
0.67250000000000 0.11886701164076 0.08282917781534 0.07883259536140
0.67750000000000 0.12517747882062 0.09062634801047 0.08686271455260
0.68250000000000 0.13184144448342 0.09903261760081 0.09558443184115
0.68750000000000 0.13887466692348 0.10808599246818 0.10505654279261
0.69250000000000 0.14628831318193 0.11782250826312 0.11534014083897
0.69750000000000 0.15408750354050 0.12827581705721 0.12649696739489
0.70250000000000 0.16227235225646 0.13947748750777 0.13858904267031
0.70750000000000 0.17084054497505 0.15145800176751 0.15167938211897
0.71250000000000 0.17979011568626 0.16424814691029 0.16583321315636
0.71750000000000 0.18912149089896 0.17788043135786 0.18111915991933
0.72250000000000 0.19883850962884 0.19239025233396 0.19761013266136
0.72750000000000 0.20894859100704 0.20781668401433 0.21538390412584
0.73250000000000 0.21946238700346 0.22420287040278 0.23452347045183
0.73750000000000 0.23039321272675 0.24159607073494 0.25511729605903
0.74250000000000 0.24175642386712 0.26004742669600 0.27725949199587
0.74750000000000 0.25356879991627 0.27961151686337 0.30104992370329
0.75250000000000 0.26584793216068 0.30034575447972 0.32659421292088
0.75750000000000 0.27861161293170 0.32230968742287 0.35400360140235
0.76250000000000 0.29187725941942 0.34556427935354 0.38339468039426
0.76750000000000 0.30566144866909 0.37017127700679 0.41488904354463
0.77250000000000 0.31997965695941 0.39619277863851 0.44861296541962
0.77750000000000 0.33484626710959 0.42369109268896 0.48469721636826
0.78250000000000 0.35027483485185 0.45272890785775 0.52327708367167
0.78750000000000 0.36627852184927 0.48336970500878 0.56449259321910
0.79250000000000 0.38287055202540 0.51567826639744 0.60848885319061
0.79750000000000 0.40006454887819 0.54972110930617 0.65541639987788
0.80250000000000 0.41787466221015 0.58556670340398 0.70543143109819
0.80750000000000 0.43631549135022 0.62328543004806 0.75869588343808
0.81250000000000 0.45540189061410 0.66294934953607 0.81537738860600
0.81750000000000 0.47514872259953 0.70463186949421 0.87564913484514
0.82250000000000 0.49557065132298 0.74840744316512 0.93968970893546
0.82750000000000 0.51668211979677 0.79435145945254 1.00768308918295
0.83250000000000 0.53849733178700 0.84254016742853 1.07981857138045
0.83750000000000 0.56103009342766 0.89305042723010 1.15629038064986
0.84250000000000 0.58429409435081 0.94595973429114 1.23729762464912
0.84750000000000 0.60830258587258 1.00134547751917 1.32304304505844
0.85250000000000 0.63306628180820 1.05928179059584 1.41372827002573
0.85750000000000 0.65859502765106 1.11983947669462 1.50955269711248
0.86250000000000 0.68489517588615 1.18307947286219 1.61070321512179
0.86750000000000 0.71195555659023 1.24903166882546 1.71732097810809
0.87250000000000 0.73976373835236 1.31770238035766 1.82949989347969
0.87750000000000 0.76826601519777 1.38899306020549 1.94719147901219
0.88250000000000 0.79724326047257 1.46255590092803 2.06996774714116
0.88750000000000 0.82582060523611 1.53597446098099 2.19389983693695
0.89250000000000 0.85321105537551 1.60700445322131 2.31461248742165
0.89750000000000 0.87898255335459 1.67450262661084 2.43022715446147
0.90250000000000 0.90272668811068 1.73726572707948 2.53853330091136
0.90750000000000 0.92402141652993 1.79401590082824 2.63711466373310
0.91250000000000 0.94250705765015 1.84362891530608 2.72379474922579
0.91750000000000 0.95796492227707 1.88536281010810 2.79706339785270
0.92250000000000 0.97036823566917 1.91901240082944 2.85637397157300
0.92750000000000 0.97989113122342 1.94494636077278 2.90222879791458
0.93250000000000 0.98687461800424 1.96401994943858 2.93603451619864
0.93750000000000 0.99176241050304 1.97739806494086 2.95978752140182
0.94250000000000 0.99502781939985 1.98634899547572 2.97569983616400
0.94750000000000 0.99711182700593 1.99206730847976 2.98587405546737
0.95250000000000 0.99838406740322 1.99556049679825 2.99209269611885
0.95750000000000 0.99912820458019 1.99760450684852 2.99573274597797
0.96250000000000 0.99954595693004 1.99875227775735 2.99777716838882
0.96750000000000 0.99977145467314 1.99937191841542 2.99888101402681
0.97250000000000 0.99988869252925 1.99969409930496 2.99945499563524
0.97750000000000 0.99994749441992 1.99985569939524 2.99974290509753
0.98250000000000 0.99997598635548 1.99993400301463 2.99988241487382
0.98750000000000 0.99998934815020 1.99997072528351 2.99994784181500
0.99250000000000 0.99999538650172 1.99998732059665 2.99997740931970
0.99750000000000 0.99999816525686 1.99999495752113 2.99999101589312
