# x rho rhou E
-4.99166666666667 3.85714300000000 10.14185223276700 39.16666843170917
-4.97500000000000 3.85714300000000 10.14185223276700 39.16666843170917
-4.95833333333333 3.85714300000000 10.14185223276700 39.16666843170917
-4.94166666666667 3.85714300000000 10.14185223276700 39.16666843170917
-4.92500000000000 3.85714300000000 10.14185223276700 39.16666843170917
-4.90833333333333 3.85714300000000 10.14185223276700 39.16666843170917
-4.89166666666667 3.85714300000000 10.14185223276700 39.16666843170917
-4.87500000000000 3.85714300000000 10.14185223276700 39.16666843170917
-4.85833333333333 3.85714300000000 10.14185223276700 39.16666843170917
-4.84166666666667 3.85714300000000 10.14185223276700 39.16666843170917
-4.82500000000000 3.85714300000000 10.14185223276700 39.16666843170917
-4.80833333333333 3.85714300000000 10.14185223276700 39.16666843170917
-4.79166666666667 3.85714300000000 10.14185223276700 39.16666843170917
-4.77500000000000 3.85714300000000 10.14185223276700 39.16666843170917
-4.75833333333333 3.85714300000000 10.14185223276700 39.16666843170917
-4.74166666666667 3.85714300000000 10.14185223276700 39.16666843170917
-4.72500000000000 3.85714300000000 10.14185223276700 39.16666843170917
-4.70833333333333 3.85714300000000 10.14185223276700 39.16666843170917
-4.69166666666667 3.85714300000000 10.14185223276700 39.16666843170917
-4.67500000000000 3.85714300000000 10.14185223276700 39.16666843170917
-4.65833333333333 3.85714300000000 10.14185223276700 39.16666843170917
-4.64166666666667 3.85714300000000 10.14185223276700 39.16666843170917
-4.62500000000000 3.85714300000000 10.14185223276700 39.16666843170917
-4.60833333333333 3.85714300000000 10.14185223276700 39.16666843170917
-4.59166666666667 3.85714300000000 10.14185223276700 39.16666843170917
-4.57500000000000 3.85714300000000 10.14185223276700 39.16666843170917
-4.55833333333333 3.85714300000000 10.14185223276700 39.16666843170917
-4.54166666666667 3.85714300000000 10.14185223276700 39.16666843170917
-4.52500000000000 3.85714300000000 10.14185223276700 39.16666843170917
-4.50833333333333 3.85714300000000 10.14185223276700 39.16666843170917
-4.49166666666667 3.85714300000000 10.14185223276700 39.16666843170917
-4.47500000000000 3.85714300000000 10.14185223276700 39.16666843170917
-4.45833333333333 3.85714300000000 10.14185223276700 39.16666843170917
-4.44166666666667 3.85714300000000 10.14185223276700 39.16666843170917
-4.42500000000000 3.85714300000000 10.14185223276700 39.16666843170917
-4.40833333333333 3.85714300000000 10.14185223276700 39.16666843170917
-4.39166666666667 3.85714300000000 10.14185223276700 39.16666843170917
-4.37500000000000 3.85714300000000 10.14185223276700 39.16666843170917
-4.35833333333333 3.85714300000000 10.14185223276700 39.16666843170917
-4.34166666666667 3.85714300000000 10.14185223276700 39.16666843170917
-4.32500000000000 3.85714300000000 10.14185223276700 39.16666843170917
-4.30833333333333 3.85714300000000 10.14185223276700 39.16666843170917
-4.29166666666667 3.85714300000000 10.14185223276700 39.16666843170917
-4.27500000000000 3.85714300000000 10.14185223276700 39.16666843170917
-4.25833333333333 3.85714300000000 10.14185223276700 39.16666843170917
-4.24166666666667 3.85714300000000 10.14185223276700 39.16666843170917
-4.22500000000000 3.85714300000000 10.14185223276700 39.16666843170917
-4.20833333333333 3.85714300000000 10.14185223276700 39.16666843170914
-4.19166666666667 3.85714299999999 10.14185223276700 39.16666843170911
-4.17500000000000 3.85714299999999 10.14185223276699 39.16666843170908
-4.15833333333333 3.85714299999999 10.14185223276699 39.16666843170906
-4.14166666666667 3.85714299999998 10.14185223276699 39.16666843170902
-4.12500000000000 3.85714299999998 10.14185223276699 39.16666843170900
-4.10833333333333 3.85714299999998 10.14185223276699 39.16666843170899
-4.09166666666667 3.85714299999998 10.14185223276699 39.16666843170896
-4.07500000000000 3.85714299999997 10.14185223276699 39.16666843170893
-4.05833333333333 3.85714299999997 10.14185223276698 39.16666843170890
-4.04166666666667 3.85714299999997 10.14185223276698 39.16666843170887
-4.02500000000000 3.85714299999996 10.14185223276697 39.16666843170881
-4.00833333333333 3.85714299999996 10.14185223276698 39.16666843170881
-3.99166666666667 3.85714299999996 10.14185223276698 39.16666843170881
-3.97500000000000 3.85714299999996 10.14185223276698 39.16666843170880
-3.95833333333333 3.85714299999995 10.14185223276697 39.16666843170876
-3.94166666666667 3.85714299999995 10.14185223276697 39.16666843170871
-3.92500000000000 3.85714299999994 10.14185223276696 39.16666843170866
-3.90833333333333 3.85714299999994 10.14185223276696 39.16666843170865
-3.89166666666667 3.85714299999993 10.14185223276695 39.16666843170862
-3.87500000000000 3.85714299999993 10.14185223276695 39.16666843170859
-3.85833333333333 3.85714299999993 10.14185223276695 39.16666843170856
-3.84166666666667 3.85714299999993 10.14185223276695 39.16666843170853
-3.82500000000000 3.85714299999992 10.14185223276695 39.16666843170850
-3.80833333333333 3.85714299999992 10.14185223276695 39.16666843170847
-3.79166666666667 3.85714299999991 10.14185223276695 39.16666843170844
-3.77500000000000 3.85714299999991 10.14185223276694 39.16666843170842
-3.75833333333333 3.85714299999991 10.14185223276694 39.16666843170839
-3.74166666666667 3.85714299999990 10.14185223276694 39.16666843170836
-3.72500000000000 3.85714299999990 10.14185223276694 39.16666843170833
-3.70833333333333 3.85714299999990 10.14185223276694 39.16666843170830
-3.69166666666667 3.85714299999989 10.14185223276693 39.16666843170827
-3.67500000000000 3.85714299999989 10.14185223276693 39.16666843170825
-3.65833333333333 3.85714299999989 10.14185223276693 39.16666843170820
-3.64166666666667 3.85714299999988 10.14185223276692 39.16666843170816
-3.62500000000000 3.85714299999987 10.14185223276692 39.16666843170810
-3.60833333333333 3.85714299999987 10.14185223276691 39.16666843170805
-3.59166666666667 3.85714299999985 10.14185223276690 39.16666843170797
-3.57500000000000 3.85714299999983 10.14185223276688 39.16666843170779
-3.55833333333333 3.85714299999977 10.14185223276684 39.16666843170728
-3.54166666666667 3.85714299999962 10.14185223276674 39.16666843170614
-3.52500000000000 3.85714299999929 10.14185223276651 39.16666843170361
-3.50833333333333 3.85714299999855 10.14185223276599 39.16666843169785
-3.49166666666667 3.85714299999691 10.14185223276485 39.16666843168517
-3.47500000000000 3.85714299999331 10.14185223276236 39.16666843165731
-3.45833333333333 3.85714299998550 10.14185223275695 39.16666843159686
-3.44166666666667 3.85714299996873 10.14185223274532 39.16666843146700
-3.42500000000000 3.85714299993309 10.14185223272064 39.16666843119112
-3.40833333333333 3.85714299985817 10.14185223266875 39.16666843061118
-3.39166666666667 3.85714299970234 10.14185223256080 39.16666842940488
-3.37500000000000 3.85714299938173 10.14185223233870 39.16666842692302
-3.35833333333333 3.85714299872929 10.14185223188674 39.16666842187239
-3.34166666666667 3.85714299741617 10.14185223097713 39.16666841170729
-3.32500000000000 3.85714299480277 10.14185222916678 39.16666839147650
-3.30833333333333 3.85714298966018 10.14185222560441 39.16666835166690
-3.29166666666667 3.85714297965635 10.14185221867458 39.16666827422561
-3.27500000000000 3.85714296042131 10.14185220535011 39.16666812532397
-3.25833333333333 3.85714292387100 10.14185218003104 39.16666784238208
-3.24166666666667 3.85714285524566 10.14185213249304 39.16666731114211
-3.22500000000000 3.85714272795571 10.14185204431697 39.16666632576987
-3.20833333333333 3.85714249475214 10.14185188277260 39.16666452050302
-3.19166666666667 3.85714207284395 10.14185159050899 39.16666125444301
-3.17500000000000 3.85714131923398 10.14185106846913 39.16665542062566
-3.15833333333333 3.85713999055830 10.14185014806949 39.16664513513177
-3.14166666666667 3.85713767889008 10.14184854672893 39.16662724013506
-3.12500000000000 3.85713371109959 10.14184579814999 39.16659652483378
-3.10833333333333 3.85712699429922 10.14184114524597 39.16654452902221
-3.09166666666667 3.85711578364998 10.14183337926980 39.16645774565912
-3.07500000000000 3.85709734167646 10.14182060374729 39.16631498361367
-3.05833333333333 3.85706745106237 10.14179989681138 39.16608359624452
-3.04166666666667 3.85701973727346 10.14176684156016 39.16571423797349
-3.02500000000000 3.85694475586625 10.14171489286483 39.16513379959662
-3.00833333333333 3.85682880564493 10.14163455308823 39.16423622207938
-2.99166666666667 3.85665244737553 10.14151234138855 39.16287103254884
-2.97500000000000 3.85638874289873 10.14132956448896 39.16082971884936
-2.95833333333333 3.85600128359922 10.14106093240384 39.15783047909324
-2.94166666666667 3.85544214782914 10.14067310868522 39.15350243117930
-2.92500000000000 3.85465000292301 10.14012333350505 39.14737095819844
-2.90833333333333 3.85354862527724 10.13935829325238 39.13884631605747
-2.89166666666667 3.85204611317774 10.13831340648418 39.12721764157290
-2.87500000000000 3.85003495919482 10.13691261779371 39.11165366601064
-2.85833333333333 3.84739286961081 10.13506859551468 39.09120927722572
-2.84166666666667 3.84398369840274 10.13268286514898 39.06483305023862
-2.82500000000000 3.83965701782904 10.12964480757001 39.03136433073627
-2.80833333333333 3.83424353097636 10.12582747971319 38.98949829783551
-2.79166666666667 3.82754141212544 10.12107658211553 38.93768112074126
-2.77500000000000 3.81928483291424 10.11518582835782 38.87386792599142
-2.75833333333333 3.80907974305356 10.10784676258638 38.79502934373436
-2.74166666666667 3.79629233951863 10.09857635285639 38.69626839829581
-2.72500000000000 3.78282622754378 10.08869933371002 38.59234497215631
-2.70833333333333 3.77260478257238 10.08111401076744 38.51351293770144
-2.69166666666667 3.76625867390666 10.07637433431978 38.46458464082653
-2.67500000000000 3.76343652689651 10.07425979581519 38.44282917012855
-2.65833333333333 3.76290422839784 10.07386055305727 38.43872610165886
-2.64166666666667 3.76386939644747 10.07458375951475 38.44616722646364
-2.62500000000000 3.76885050613510 10.07830418101614 38.48457748903583
-2.60833333333333 3.78233156044763 10.08828387462950 38.58858957323125
-2.59166666666667 3.81083834826170 10.10898152377055 38.80878982215836
-2.57500000000000 3.86246010564076 10.14541219044541 39.20794827194091
-2.55833333333333 3.93382044811758 10.19304796556608 39.76150436279509
-2.54166666666667 3.98664012128535 10.22618004644469 40.17275686796500
-2.52500000000000 4.01898201912725 10.24567591570936 40.42508029463229
-2.50833333333333 4.03735801929324 10.25650074211898 40.56860747201358
-2.49166666666667 4.04702158584752 10.26212288827093 40.64413630419105
-2.47500000000000 4.05154205192367 10.26473541981568 40.67947690630314
-2.45833333333333 4.05320490393852 10.26569316490563 40.69247519154096
-2.44166666666667 4.05351560353022 10.26587159523307 40.69490181212974
-2.42500000000000 4.05320095244766 10.26568999104068 40.69244077723882
-2.40833333333333 4.05168376223174 10.26481417517444 40.68057968029973
-2.39166666666667 4.04834523843156 10.26288184563959 40.65448511363348
-2.37500000000000 4.04299231710836 10.25976942554551 40.61265573957214
-2.35833333333333 4.03579993035920 10.25556084700029 40.55647015468761
-2.34166666666667 4.02717197494244 10.25047259494027 40.48909710148407
-2.32500000000000 4.01757119729744 10.24476003586614 40.41416190338945
-2.30833333333333 4.00744060116299 10.23868917211970 40.33511267133505
-2.29166666666667 3.99743535780581 10.23262280400363 40.25710141475684
-2.27500000000000 3.98763936297377 10.22662484359853 40.18076541041576
-2.25833333333333 3.97795727601173 10.22063618516926 40.10535690931302
-2.24166666666667 3.96833731245775 10.21463195605289 40.03046959383937
-2.22500000000000 3.95875000057537 10.20859555643135 39.95587050100787
-2.20833333333333 3.94917638361500 10.20251459423166 39.88141058471541
-2.19166666666667 3.93960550951031 10.19638173985501 39.80701625278623
-2.17500000000000 3.93003180418060 10.19019416637942 39.73262989851912
-2.15833333333333 3.92044407484614 10.18394361379135 39.65816760549336
-2.14166666666667 3.91082202819953 10.17761583184203 39.58347329884644
-2.12500000000000 3.90113819263428 10.17119167412229 39.50833396363141
-2.10833333333333 3.89136125430409 10.16464893785682 39.43250730897536
-2.09166666666667 3.88146001863625 10.15796465902984 39.35575210603947
-2.07500000000000 3.87140758674239 10.15111803748112 39.27786121913260
-2.05833333333333 3.86118527162318 10.14409340678414 39.19869189379482
-2.04166666666667 3.85078578654008 10.13688250886099 39.11818954823934
-2.02500000000000 3.84021547819623 10.12948631131025 39.03640490879420
-2.00833333333333 3.82950897075649 10.12193345771620 38.95359151168238
-1.99166666666667 3.81880939625595 10.11431125427501 38.87088554648115
-1.97500000000000 3.80816251296013 10.10665193674228 38.78863061397657
-1.95833333333333 3.79754713511760 10.09894673225117 38.70665991090512
-1.94166666666667 3.78694863753339 10.09118579470399 38.62485458251225
-1.92500000000000 3.77635624507035 10.08336091788454 38.54313828396599
-1.90833333333333 3.76576393250768 10.07546772844805 38.46146498117542
-1.89166666666667 3.75516561055561 10.06750153137363 38.37977635131625
-1.87500000000000 3.74454661753902 10.05945055879032 38.29796398381903
-1.85833333333333 3.73387924409198 10.05129302925432 38.21581484766757
-1.84166666666667 3.72311796631159 10.04299266201654 38.13297840018944
-1.82500000000000 3.71219290282306 10.03449291408952 38.04891768005383
-1.80833333333333 3.70099958076238 10.02570792044381 37.96283059829201
-1.79166666666667 3.68938422983959 10.01650972504445 37.87353459205742
-1.77500000000000 3.67727525686737 10.00685697652209 37.78046177432940
-1.75833333333333 3.66554723839839 9.99739329935143 37.69038800447294
-1.74166666666667 3.65483178762245 9.98867047105270 37.60812477719801
-1.72500000000000 3.64566538935290 9.98115049949150 37.53778179666273
-1.70833333333333 3.63857790089398 9.97529921027692 37.48340959426870
-1.69166666666667 3.63389412294787 9.97141552887713 37.44748403551343
-1.67500000000000 3.63153496275402 9.96945433050230 37.42938993262980
-1.65833333333333 3.63088141462989 9.96890979316538 37.42437782968405
-1.64166666666667 3.63115788264890 9.96913917788508 37.42649853034111
-1.62500000000000 3.63349254669391 9.97107767524502 37.44440659475754
-1.60833333333333 3.64098152361191 9.97726890877499 37.50186539679306
-1.59166666666667 3.65921223324172 9.99216992058039 37.64183283140953
-1.57500000000000 3.69799334725175 10.02309028572492 37.94001793541696
-1.55833333333333 3.77149383280909 10.07950533041540 38.50613356979342
-1.54166666666667 3.88082305481921 10.15715013252674 39.35100891975529
-1.52500000000000 3.96164583152970 10.20945026072318 39.97967206186424
-1.50833333333333 4.00904300165207 10.23841670651190 40.34925090802226
-1.49166666666667 4.03502396389934 10.25377888548532 40.55215749646730
-1.47500000000000 4.04854363882209 10.26164221528273 40.65784465443537
-1.45833333333333 4.05510646714442 10.26542494042549 40.70916939744231
-1.44166666666667 4.05788999403729 10.26702233895755 40.73093149981500
-1.42500000000000 4.05874190489136 10.26751840858689 40.73756931409906
-1.40833333333333 4.05879359822704 10.26755367868614 40.73795923710047
-1.39166666666667 4.05820630194939 10.26722363616776 40.73335091766580
-1.37500000000000 4.05633192713529 10.26615496583636 40.71867482416712
-1.35833333333333 4.05275262430543 10.26410104326908 40.69066960354917
-1.34166666666667 4.04737047789858 10.26099399295013 40.64858028426844
-1.32500000000000 4.04033477372471 10.25690465480891 40.59358604153731
-1.30833333333333 4.03194142344277 10.25198741465605 40.52801278238701
-1.29166666666667 4.02253668684261 10.24642828081382 40.45457593116636
-1.27500000000000 4.01244860921391 10.24040725257667 40.37584384841922
-1.25833333333333 4.00194714279546 10.23407589413493 40.29392796152708
-1.24166666666667 3.99124554478244 10.22756570538190 40.21047864965202
-1.22500000000000 3.98057131948921 10.22099557850615 40.12730512211761
-1.20833333333333 3.96993628683139 10.21438197511812 40.04448201258124
-1.19166666666667 3.95930871000931 10.20770957956593 39.96176978692296
-1.17500000000000 3.94867340770568 10.20096777504635 39.87903165590634
-1.15833333333333 3.93799950113178 10.19413525643241 39.79603463699470
-1.14166666666667 3.92723540050053 10.18717723455298 39.71238023595089
-1.12500000000000 3.91632001492461 10.18005137707097 39.62759417605155
-1.10833333333333 3.90519717187730 10.17271740021517 39.54124118043604
-1.09166666666667 3.89382782526222 10.16514524756145 39.45302063496726
-1.07500000000000 3.88219650193860 10.15731941893344 39.36281516691415
-1.05833333333333 3.87030981774005 10.14923863424579 39.27067871502794
-1.04166666666667 3.85818736816749 10.14091052473315 39.17676646658051
-1.02500000000000 3.84584704389933 10.13234205066126 39.08122112044212
-1.00833333333333 3.83329880633775 10.12354494767833 38.98410161860242
-0.99166666666667 3.82073032322116 10.11464296020041 38.88689224917081
-0.97500000000000 3.80830632995422 10.10573327852702 38.79086712568498
-0.95833333333333 3.79601674405371 10.09682318720334 38.69593842337021
-0.94166666666667 3.78383849798468 10.08790034930742 38.60192410350245
-0.92500000000000 3.77173958823144 10.07894441756625 38.50857568656632
-0.90833333333333 3.75968662109570 10.06993407673249 38.41562593656890
-0.89166666666667 3.74765139114759 10.06084932473071 38.32286599318072
-0.87500000000000 3.73561748384356 10.05167869928016 38.23016431370980
-0.85833333333333 3.72356683103081 10.04240715302087 38.13737212338416
-0.84166666666667 3.71144875078555 10.03299364542926 38.04410410448791
-0.82500000000000 3.69915782263324 10.02335314755002 37.94955081178347
-0.80833333333333 3.68650214174572 10.01333887939002 37.85222433604451
-0.79166666666667 3.67356125832953 10.00300091149596 37.75275011685678
-0.77500000000000 3.66119788611804 9.99301262605203 37.65777648623113
-0.75833333333333 3.64992772507431 9.98382265176298 37.57123870677538
-0.74166666666667 3.64023265777172 9.97585335744127 37.49682222333956
-0.72500000000000 3.63254103496064 9.96949258991075 37.43779421915208
-0.70833333333333 3.62710626275181 9.96497965227551 37.39608841183632
-0.69166666666667 3.62390033993923 9.96231230667046 37.37148397259259
-0.67500000000000 3.62254498597538 9.96119670916653 37.36105644297761
-0.65833333333333 3.62232102597945 9.96102387226916 37.35931252259810
-0.64166666666667 3.62286955193060 9.96149382490735 37.36349853077881
-0.62500000000000 3.62554402334770 9.96374131251178 37.38398334021857
-0.60833333333333 3.63274248947377 9.96974180696386 37.43917362848939
-0.59166666666667 3.64843887318424 9.98268333151480 37.55961125431679
-0.57500000000000 3.67919481043426 10.00753190839250 37.79588208202698
-0.55833333333333 3.73464831889740 10.05069020553831 38.22273548447558
-0.54166666666667 3.82430761631213 10.11754681389173 38.91385475696852
-0.52500000000000 3.91415101860892 10.17860100582481 39.61045517173981
-0.50833333333333 3.97365989292755 10.21641983476831 40.07350087804429
-0.49166666666667 4.01102509325510 10.23915769586218 40.36485899710644
-0.47500000000000 4.03393164330316 10.25273606121815 40.54370916420349
-0.45833333333333 4.04765923683220 10.26075199706139 40.65095152377044
-0.44166666666667 4.05556521769832 10.26534391264663 40.71269719898730
-0.42500000000000 4.05976820455768 10.26778431414222 40.74551058659121
-0.40833333333333 4.06166962860672 10.26889776056210 40.76033750770646
-0.39166666666667 4.06227045268179 10.26928588833230 40.76494787056950
-0.37500000000000 4.06229507245201 10.26932631735130 40.76509038521063
-0.35833333333333 4.06176902926429 10.26905449908513 40.76092094155839
-0.34166666666667 4.06010258128770 10.26813398230656 40.74781925572979
-0.32500000000000 4.05684928031819 10.26630194169759 40.72230469474927
-0.30833333333333 4.05180027754092 10.26342701899954 40.68276022430143
-0.29166666666667 4.04498688696282 10.25950986237144 40.62944162961438
-0.27500000000000 4.03663992920954 10.25466314061542 40.56416904438834
-0.25833333333333 4.02711283115134 10.24907512160967 40.48971886062727
-0.24166666666667 4.01678665857821 10.24295631866124 40.40907447537702
-0.22500000000000 4.00598287434779 10.23648880384921 40.32474618945776
-0.20833333333333 3.99490704641807 10.22979145345019 40.23833701366171
-0.19166666666667 3.98363435999108 10.22290594786088 40.15043484393577
-0.17500000000000 3.97213663674191 10.21580833527539 40.06082582942315
-0.15833333333333 3.96033601010564 10.20844043741527 39.96891429147244
-0.14166666666667 3.94816097334683 10.20074581370640 39.87415724159815
-0.12500000000000 3.93558234577295 10.19269513471782 39.77633834175918
-0.10833333333333 3.92261912420837 10.18429295707382 39.67560831503506
-0.09166666666667 3.90932028881830 10.17556752772980 39.57234225315624
-0.07500000000000 3.89573885689415 10.16655271642105 39.46694100975111
-0.05833333333333 3.88191374953815 10.15727286902950 39.35969716882808
-0.04166666666667 3.86786581796990 10.14773671890029 39.25077197191561
-0.02500000000000 3.85360433606656 10.13793988187818 39.14024982692266
-0.00833333333333 3.83913589883819 10.12787182141572 39.02820490799204
0.00833333333333 3.82447171022470 10.11752593898759 38.91474761894978
0.02500000000000 3.80966988232735 10.10694281886822 38.80030877660902
0.04166666666667 3.79490701452592 10.09622557003443 38.68634441872118
0.05833333333333 3.78021297994494 10.08541809855117 38.57300970130035
0.07500000000000 3.76561507455564 10.07455820319345 38.46046899121591
0.09166666666667 3.75113594622036 10.06367783037635 38.34884661615132
0.10833333333333 3.73675156035280 10.05277320707129 38.23794818315857
0.12500000000000 3.72244498848872 10.04183807038370 38.12764777455121
0.14166666666667 3.70831145914843 10.03093811759818 38.01866541445442
0.15833333333333 3.69458402009712 10.02020170009791 37.91292373935264
0.17500000000000 3.68144748858027 10.00968986515399 37.81205763113371
0.19166666666667 3.66884528173075 9.99938070468361 37.71561543853731
0.20833333333333 3.65658050676582 9.98925014195112 37.62181560120702
0.22500000000000 3.64470327202255 9.97944756017720 37.53082775836629
0.24166666666667 3.63381513458021 9.97053982987846 37.44714119810234
0.25833333333333 3.62487167707173 9.96338001588171 37.37800799775233
0.27500000000000 3.61857849891284 9.95847928789329 37.32905146094788
0.29166666666667 3.61494272265811 9.95552431228888 37.30094323041341
0.30833333333333 3.61333345045354 9.95376859887667 37.28949211705473
0.32500000000000 3.61301536463088 9.95305372569021 37.28787158489466
0.34166666666667 3.61386780033245 9.95351091311501 37.29499262253989
0.35833333333333 3.61761133969081 9.95639194870474 37.32428368284927
0.37500000000000 3.62616986371152 9.96341519239886 37.39018933847927
0.39166666666667 3.64134554141763 9.97607601931845 37.50644560456495
0.40833333333333 3.66489919282520 9.99565218022198 37.68653082240284
0.42500000000000 3.69903688436364 10.02351646037014 37.94756243114701
0.44166666666667 3.74666965656548 10.06114445018290 38.31240868281833
0.45833333333333 3.80964256403389 10.10844764240301 38.79728161873031
0.47500000000000 3.87401155889604 10.15572267190822 39.29057177895446
0.49166666666667 3.92629296563705 10.19443906268263 39.68632048073611
0.50833333333333 3.96572111829106 10.21979644200673 39.99473812592100
0.52500000000000 3.99235983119492 10.22832065747679 40.21890311679104
0.54166666666667 4.00926262217499 10.22721953929731 40.37251305730673
0.55833333333333 4.01837237804187 10.21757096433370 40.47514067090310
0.57500000000000 4.02065987480159 10.19769477480722 40.55347171140853
0.59166666666667 4.01915836590178 10.17400252023303 40.60036909928679
0.60833333333333 4.01353771224026 10.14764967284700 40.60512080705823
0.62500000000000 4.00665740428986 10.12438456621249 40.59574316043972
0.64166666666667 4.00279581632251 10.11077462854448 40.58375356365732
0.65833333333333 4.00160847412204 10.10686421351211 40.57983060414612
0.67500000000000 4.00228432496566 10.11025613413920 40.57986746184713
0.69166666666667 4.00649603062778 10.12515854270450 40.58334768820747
0.70833333333333 4.01673304791517 10.15685183428978 40.59870040084715
0.72500000000000 4.03537621426170 10.21218669809979 40.63435618379880
0.74166666666667 4.06548096248317 10.29941423955729 40.70085170117660
0.75833333333333 4.11062293757778 10.42835624045715 40.81117015034834
0.77500000000000 4.15110924987309 10.54833119095220 40.89984134169516
0.79166666666667 4.17269250621002 10.62079424462298 40.91510557519251
0.80833333333333 4.17953075092199 10.65974324324071 40.90075539456710
0.82500000000000 4.17737812750393 10.67539211623373 40.85087337682069
0.84166666666667 4.16577223342412 10.67615334254729 40.73516111367606
0.85833333333333 4.15095753947005 10.66683525095248 40.62309596542733
0.87500000000000 4.12674377020470 10.63213476847972 40.48154401446090
0.89166666666667 4.08526230777765 10.55550336506343 40.27667616446521
0.90833333333333 4.02196695088487 10.42269358064319 39.99811919631114
0.92500000000000 3.93466508644079 10.22776806526277 39.63752184027005
0.94166666666667 3.85085675013861 10.04179911354976 39.28554042527152
0.95833333333333 3.78486948427804 9.90314108357340 38.99962975789072
0.97500000000000 3.73560708654935 9.80744113245519 38.76338450634749
0.99166666666667 3.70100820039969 9.74918118327613 38.56901617493576
1.00833333333333 3.68018966815652 9.72924663384385 38.44534588196754
1.02500000000000 3.66926203332800 9.73321849782236 38.35854851764439
1.04166666666667 3.66541214339141 9.75726269534644 38.25755416751232
1.05833333333333 3.66612131150451 9.79357375759197 38.18327552400413
1.07500000000000 3.68595145396287 9.88581397097632 38.19411280002572
1.09166666666667 3.74273997097333 10.07480788971669 38.33905368098583
1.10833333333333 3.79582612362157 10.25306088619786 38.47335167464642
1.12500000000000 3.82664437877056 10.36892115179475 38.51188785703592
1.14166666666667 3.84148489324609 10.44159556073908 38.50376116097078
1.15833333333333 3.84672507884317 10.48800943771754 38.48057644778306
1.17500000000000 3.84469809058099 10.50975771355917 38.42698810294777
1.19166666666667 3.83512374868411 10.51316879785496 38.32195819263519
1.20833333333333 3.82382844054568 10.50623152879633 38.23309290741217
1.22500000000000 3.80219283991672 10.46356586963119 38.11555880819800
1.24166666666667 3.75776235865564 10.35378946430454 37.91751223893303
1.25833333333333 3.68256396415514 10.15386678795638 37.61151800650443
1.27500000000000 3.59058273241559 9.90196934356404 37.25190786511229
1.29166666666667 3.51793621016546 9.69985256098472 36.96896702528299
1.30833333333333 3.47023450883414 9.56277464892957 36.79155503314287
1.32500000000000 3.44515249114605 9.48450707278965 36.71455233408273
1.34166666666667 3.43713940907508 9.44959777044962 36.69783115299835
1.35833333333333 3.44112859381408 9.44332515593884 36.74217687096068
1.37500000000000 3.45818092001747 9.45361936024019 36.87641520711349
1.39166666666667 3.48835473789131 9.49307750857582 37.06935431784817
1.40833333333333 3.54298246118901 9.58893711902255 37.37058595029931
1.42500000000000 3.63425824800496 9.77222261611488 37.82516842707513
1.44166666666667 3.76754638618012 10.05991873321965 38.44417330719511
1.45833333333333 3.90551423193721 10.35472455407953 39.08348738379320
1.47500000000000 4.02018138041569 10.58416307087654 39.62249597826975
1.49166666666667 4.11165306135716 10.75457218648928 40.08935876632285
1.50833333333333 4.17752247783496 10.86220500380487 40.46760152164302
1.52500000000000 4.21332066791771 10.89285140632071 40.68338902195748
1.54166666666667 4.22736753323579 10.87813693525592 40.84483132865288
1.55833333333333 4.22929772941593 10.83589460612965 41.00864579670656
1.57500000000000 4.21582081410750 10.75643671580070 41.04929697787280
1.59166666666667 4.15182535567010 10.55792558967841 40.91649015477669
1.60833333333333 4.02213831323149 10.20813784059637 40.54683964777112
1.62500000000000 3.90547643306326 9.89713824385788 40.20981655404905
1.64166666666667 3.82712229568824 9.68634042154794 39.98313308746100
1.65833333333333 3.78207307266517 9.56390649951027 39.85775800082194
1.67500000000000 3.76246287230804 9.50860298983850 39.80721102155252
1.69166666666667 3.75828588409478 9.49431079379392 39.79821813093842
1.70833333333333 3.76474503197599 9.50724176260610 39.82446048548579
1.72500000000000 3.79846767390046 9.59194677405226 39.92750124554885
1.74166666666667 3.88768258044538 9.81846861009500 40.19986685539443
1.75833333333333 4.04825612539685 10.22669376554553 40.68882340606171
1.77500000000000 4.20251788207593 10.62395588130597 41.15068607049035
1.79166666666667 4.30668797512408 10.89919348308891 41.45220852269249
1.80833333333333 4.36265802664006 11.05511231544158 41.57977153607953
1.82500000000000 4.38158534959119 11.12147628366020 41.59816099109939
1.84166666666667 4.38023666261582 11.13800647849715 41.55189136552701
1.85833333333333 4.36121753791532 11.12571510601514 41.40343491940760
1.87500000000000 4.32136870461936 11.05607144606168 41.20088811153647
1.89166666666667 4.23708967740455 10.87172217420084 40.85534624363967
1.90833333333333 4.08366793523164 10.51322459419583 40.27373208359420
1.92500000000000 3.88115287374466 10.02761336331842 39.52228499960491
1.94166666666667 3.71491224762569 9.63576419057738 38.89308064246103
1.95833333333333 3.59681422390578 9.36875213240855 38.42278522228283
1.97500000000000 3.51970571765930 9.20623159275364 38.06843110134199
1.99166666666667 3.47645791913164 9.13482734701658 37.84642437225970
2.00833333333333 3.45694146217201 9.12589043856876 37.72954367996677
2.02500000000000 3.44947723779689 9.14514160952270 37.59771235676831
2.04166666666667 3.45339727178866 9.20182632953842 37.51719488454943
2.05833333333333 3.50749090774213 9.39812734358622 37.62841421497512
2.07500000000000 3.64829223287676 9.81994929339022 38.05326270252979
2.09166666666667 3.82358678813071 10.33871462929355 38.60795532126011
2.10833333333333 3.95378628303160 10.73883008624769 39.02347486320644
2.12500000000000 4.03270651411542 10.99554429251921 39.23525953161841
2.14166666666667 4.07027643548787 11.13347789084258 39.28244877773554
2.15833333333333 4.08340276181911 11.20317450106095 39.28217225417480
2.17500000000000 4.08386101660385 11.23060880914097 39.25001181988571
2.19166666666667 4.07349610378112 11.22781843906944 39.14996463159363
2.20833333333333 4.04526925516514 11.15964398205483 39.01324193359336
2.22500000000000 3.96956648158325 10.95096894797754 38.71402573207067
2.24166666666667 3.83038954079219 10.56440237651000 38.17566093448291
2.25833333333333 3.63133326201760 10.00700353775955 37.39628716404103
2.27500000000000 3.44946582337242 9.50461226251655 36.75470451756620
2.29166666666667 3.30960051808669 9.11493170006278 36.27244519637614
2.30833333333333 3.20655652855946 8.81206005423441 35.84114547237564
2.32500000000000 3.13929507795219 8.59563673270823 35.48056597415190
2.34166666666667 3.11119191991649 8.49257550726942 35.33022504051736
2.35833333333333 3.15156025306984 8.66759450917900 36.29373045994130
2.37500000000000 3.20241375274059 8.81499994072106 36.82119302054375
2.39166666666667 2.23057285014549 4.43941468741712 18.95442358083793
2.40833333333333 1.14535637844792 0.57135909928600 4.40965591059473
2.42500000000000 0.92937949460500 0.03081726627766 2.59623473708277
2.44166666666667 0.92448868886204 0.00132997145471 2.50411655656811
2.45833333333333 0.94299433603162 0.00005626829489 2.50017265412775
2.47500000000000 0.96038081261574 0.00000235980065 2.50000717244847
2.49166666666667 0.97767762213928 0.00000009814656 2.50000029562871
2.50833333333333 0.99489805179589 0.00000000404929 2.50000001208963
2.52500000000000 1.01210553394710 0.00000000016576 2.50000000049064
2.54166666666667 1.02934737720569 0.00000000000673 2.50000000001976
2.55833333333333 1.04669426272469 0.00000000000027 2.50000000000079
2.57500000000000 1.06393403448636 0.00000000000001 2.50000000000003
2.59166666666667 1.08076594340666 0.00000000000000 2.50000000000000
2.60833333333333 1.09694801517307 0.00000000000000 2.50000000000000
2.62500000000000 1.11221930110235 0.00000000000000 2.50000000000000
2.64166666666667 1.12632623036870 0.00000000000000 2.50000000000000
2.65833333333333 1.13904740667143 0.00000000000000 2.50000000000000
2.67500000000000 1.15021376257362 0.00000000000000 2.50000000000000
2.69166666666667 1.15972220475920 0.00000000000000 2.50000000000000
2.70833333333333 1.16754209758888 0.00000000000000 2.50000000000000
2.72500000000000 1.17371498620143 0.00000000000000 2.50000000000000
2.74166666666667 1.17834874280870 0.00000000000000 2.50000000000000
2.75833333333333 1.18160778065790 0.00000000000000 2.50000000000000
2.77500000000000 1.18370112960977 0.00000000000000 2.50000000000000
2.79166666666667 1.18487006183516 0.00000000000000 2.50000000000000
2.80833333333333 1.18537667806893 0.00000000000000 2.50000000000000
2.82500000000000 1.18549450229839 0.00000000000000 2.50000000000000
2.84166666666667 1.18543781454082 0.00000000000000 2.50000000000000
2.85833333333333 1.18507333110675 0.00000000000000 2.50000000000000
2.87500000000000 1.18412560376753 0.00000000000000 2.50000000000000
2.89166666666667 1.18232834600213 0.00000000000000 2.50000000000000
2.90833333333333 1.17943310732913 0.00000000000000 2.50000000000000
2.92500000000000 1.17522019093631 0.00000000000000 2.50000000000000
2.94166666666667 1.16951087714125 0.00000000000000 2.50000000000000
2.95833333333333 1.16217964370640 0.00000000000000 2.50000000000000
2.97500000000000 1.15316476264098 0.00000000000000 2.50000000000000
2.99166666666667 1.14247548850684 0.00000000000000 2.50000000000000
3.00833333333333 1.13019412133078 0.00000000000000 2.50000000000000
3.02500000000000 1.11647159403260 0.00000000000000 2.50000000000000
3.04166666666667 1.10151592429331 0.00000000000000 2.50000000000000
3.05833333333333 1.08557384763041 0.00000000000000 2.50000000000000
3.07500000000000 1.06890710485929 0.00000000000000 2.50000000000000
3.09166666666667 1.05176602873918 0.00000000000000 2.50000000000000
3.10833333333333 1.03440229825711 0.00000000000000 2.50000000000000
3.12500000000000 1.01713580921536 0.00000000000000 2.50000000000000
3.14166666666667 0.99992378541765 0.00000000000000 2.50000000000000
3.15833333333333 0.98271154630885 0.00000000000000 2.50000000000000
3.17500000000000 0.96544398550968 0.00000000000000 2.50000000000000
3.19166666666667 0.94808081250032 0.00000000000000 2.50000000000000
3.20833333333333 0.93094259327234 0.00000000000000 2.50000000000000
3.22500000000000 0.91428087863423 0.00000000000000 2.50000000000000
3.24166666666667 0.89834617991016 0.00000000000000 2.50000000000000
3.25833333333333 0.88340021308795 0.00000000000000 2.50000000000000
3.27500000000000 0.86968948343320 0.00000000000000 2.50000000000000
3.29166666666667 0.85742159281897 0.00000000000000 2.50000000000000
3.30833333333333 0.84674691871441 0.00000000000000 2.50000000000000
3.32500000000000 0.83774712666374 0.00000000000000 2.50000000000000
3.34166666666667 0.83043081990307 0.00000000000000 2.50000000000000
3.35833333333333 0.82473565642690 0.00000000000000 2.50000000000000
3.37500000000000 0.82053557778580 0.00000000000000 2.50000000000000
3.39166666666667 0.81765143041969 0.00000000000000 2.50000000000000
3.40833333333333 0.81586319482844 0.00000000000000 2.50000000000000
3.42500000000000 0.81492220430407 0.00000000000000 2.50000000000000
3.44166666666667 0.81456204734623 0.00000000000000 2.50000000000000
3.45833333333333 0.81450721966017 0.00000000000000 2.50000000000000
3.47500000000000 0.81462690238105 0.00000000000000 2.50000000000000
3.49166666666667 0.81513783720509 0.00000000000000 2.50000000000000
3.50833333333333 0.81631348709096 0.00000000000000 2.50000000000000
3.52500000000000 0.81841582303581 0.00000000000000 2.50000000000000
3.54166666666667 0.82168589660985 0.00000000000000 2.50000000000000
3.55833333333333 0.82633241122014 0.00000000000000 2.50000000000000
3.57500000000000 0.83251934332679 0.00000000000000 2.50000000000000
3.59166666666667 0.84035402711668 0.00000000000000 2.50000000000000
3.60833333333333 0.84987739317872 0.00000000000000 2.50000000000000
3.62500000000000 0.86105815535827 0.00000000000000 2.50000000000000
3.64166666666667 0.87379258801262 0.00000000000000 2.50000000000000
3.65833333333333 0.88791107224584 0.00000000000000 2.50000000000000
3.67500000000000 0.90319180469986 0.00000000000000 2.50000000000000
3.69166666666667 0.91938100698415 0.00000000000000 2.50000000000000
3.70833333333333 0.93621775990264 0.00000000000000 2.50000000000000
3.72500000000000 0.95346036961656 0.00000000000000 2.50000000000000
3.74166666666667 0.97080651977697 0.00000000000000 2.50000000000000
3.75833333333333 0.98804764887902 0.00000000000000 2.50000000000000
3.77500000000000 1.00525500101267 0.00000000000000 2.50000000000000
3.79166666666667 1.02247500104229 0.00000000000000 2.50000000000000
3.80833333333333 1.03977994724598 0.00000000000000 2.50000000000000
3.82500000000000 1.05710749749282 0.00000000000000 2.50000000000000
3.84166666666667 1.07412730170055 0.00000000000000 2.50000000000000
3.85833333333333 1.09059730293612 0.00000000000000 2.50000000000000
3.87500000000000 1.10626103285469 0.00000000000000 2.50000000000000
3.89166666666667 1.12085901423553 0.00000000000000 2.50000000000000
3.90833333333333 1.13415449325552 0.00000000000000 2.50000000000000
3.92500000000000 1.14595568289739 0.00000000000000 2.50000000000000
3.94166666666667 1.15613212357183 0.00000000000000 2.50000000000000
3.95833333333333 1.16462402139087 0.00000000000000 2.50000000000000
3.97500000000000 1.17144456611214 0.00000000000000 2.50000000000000
3.99166666666667 1.17667613354651 0.00000000000000 2.50000000000000
4.00833333333333 1.18046186903064 0.00000000000000 2.50000000000000
4.02500000000000 1.18299441809960 0.00000000000000 2.50000000000000
4.04166666666667 1.18450355844322 0.00000000000000 2.50000000000000
4.05833333333333 1.18524426812403 0.00000000000000 2.50000000000000
4.07500000000000 1.18548642672239 0.00000000000000 2.50000000000000
4.09166666666667 1.18549260288571 0.00000000000000 2.50000000000000
4.10833333333333 1.18528127161671 0.00000000000000 2.50000000000000
4.12500000000000 1.18459570318805 0.00000000000000 2.50000000000000
4.14166666666667 1.18316512330293 0.00000000000000 2.50000000000000
4.15833333333333 1.18073285635582 0.00000000000000 2.50000000000000
4.17500000000000 1.17706643424015 0.00000000000000 2.50000000000000
4.19166666666667 1.17196942582847 0.00000000000000 2.50000000000000
4.20833333333333 1.16529382336212 0.00000000000000 2.50000000000000
4.22500000000000 1.15695147737659 0.00000000000000 2.50000000000000
4.24166666666667 1.14692283859207 0.00000000000000 2.50000000000000
4.25833333333333 1.13526123154534 0.00000000000000 2.50000000000000
4.27500000000000 1.12209112726653 0.00000000000000 2.50000000000000
4.29166666666667 1.10759944593524 0.00000000000000 2.50000000000000
4.30833333333333 1.09201980019630 0.00000000000000 2.50000000000000
4.32500000000000 1.07561072153714 0.00000000000000 2.50000000000000
4.34166666666667 1.05863017864485 0.00000000000000 2.50000000000000
4.35833333333333 1.04131629349097 0.00000000000000 2.50000000000000
4.37500000000000 1.02400064105545 0.00000000000000 2.50000000000000
4.39166666666667 1.00677895074193 0.00000000000000 2.50000000000000
4.40833333333333 0.98957372409585 0.00000000000000 2.50000000000000
4.42500000000000 0.97234108488959 0.00000000000000 2.50000000000000
4.44166666666667 0.95500651221164 0.00000000000000 2.50000000000000
4.45833333333333 0.93774399641195 0.00000000000000 2.50000000000000
4.47500000000000 0.92086340098118 0.00000000000000 2.50000000000000
4.49166666666667 0.90460165206530 0.00000000000000 2.50000000000000
4.50833333333333 0.88921804989979 0.00000000000000 2.50000000000000
4.52500000000000 0.87496858330640 0.00000000000000 2.50000000000000
4.54166666666667 0.86208134417870 0.00000000000000 2.50000000000000
4.55833333333333 0.85073598780895 0.00000000000000 2.50000000000000
4.57500000000000 0.84104905409558 0.00000000000000 2.50000000000000
4.59166666666667 0.83306585016460 0.00000000000000 2.50000000000000
4.60833333333333 0.82675864219182 0.00000000000000 2.50000000000000
4.62500000000000 0.82203021015164 0.00000000000000 2.50000000000000
4.64166666666667 0.81872141916049 0.00000000000000 2.50000000000000
4.65833333333333 0.81662133401070 0.00000000000000 2.50000000000000
4.67500000000000 0.81547848938359 0.00000000000000 2.50000000000000
4.69166666666667 0.81501214974415 0.00000000000000 2.50000000000000
4.70833333333333 0.81492267491457 0.00000000000000 2.50000000000000
4.72500000000000 0.81502879473562 0.00000000000000 2.50000000000000
4.74166666666667 0.81553949322431 0.00000000000000 2.50000000000000
4.75833333333333 0.81677496368399 0.00000000000000 2.50000000000000
4.77500000000000 0.81906105389231 0.00000000000000 2.50000000000000
4.79166666666667 0.82272780718150 0.00000000000000 2.50000000000000
4.80833333333333 0.82810569840262 0.00000000000000 2.50000000000000
4.82500000000000 0.83551940184669 0.00000000000000 2.50000000000000
4.84166666666667 0.84527871246909 0.00000000000000 2.50000000000000
4.85833333333333 0.85766581583792 0.00000000000000 2.50000000000000
4.87500000000000 0.87247486925322 0.00000000000000 2.50000000000000
4.89166666666667 0.88594232097182 0.00000000000000 2.50000000000000
4.90833333333333 0.89640501434024 0.00000000000000 2.50000000000000
4.92500000000000 0.90401502494232 0.00000000000000 2.50000000000000
4.94166666666667 0.90909140959165 0.00000000000000 2.50000000000000
4.95833333333333 0.91207662271285 0.00000000000000 2.50000000000000
4.97500000000000 0.91349548174388 0.00000000000000 2.50000000000000
4.99166666666667 0.91392039468160 0.00000000000000 2.50000000000000
