# x rho rhou E
-5.00000000000000 3.85714300000000 10.14185223276700 39.16666843170917
-4.98333333333333 3.85714300000000 10.14185223276700 39.16666843170917
-4.96666666666667 3.85714300000000 10.14185223276700 39.16666843170917
-4.95000000000000 3.85714300000000 10.14185223276700 39.16666843170917
-4.93333333333333 3.85714300000000 10.14185223276700 39.16666843170917
-4.91666666666667 3.85714300000000 10.14185223276700 39.16666843170917
-4.90000000000000 3.85714300000000 10.14185223276700 39.16666843170917
-4.88333333333333 3.85714300000000 10.14185223276700 39.16666843170917
-4.86666666666667 3.85714300000000 10.14185223276700 39.16666843170917
-4.85000000000000 3.85714300000000 10.14185223276700 39.16666843170917
-4.83333333333333 3.85714300000000 10.14185223276700 39.16666843170917
-4.81666666666667 3.85714300000000 10.14185223276700 39.16666843170917
-4.80000000000000 3.85714300000000 10.14185223276700 39.16666843170917
-4.78333333333333 3.85714300000000 10.14185223276700 39.16666843170917
-4.76666666666667 3.85714300000000 10.14185223276700 39.16666843170917
-4.75000000000000 3.85714300000000 10.14185223276700 39.16666843170917
-4.73333333333333 3.85714300000000 10.14185223276700 39.16666843170917
-4.71666666666667 3.85714300000000 10.14185223276700 39.16666843170917
-4.70000000000000 3.85714300000000 10.14185223276700 39.16666843170917
-4.68333333333333 3.85714300000000 10.14185223276700 39.16666843170917
-4.66666666666667 3.85714300000000 10.14185223276700 39.16666843170917
-4.65000000000000 3.85714300000000 10.14185223276700 39.16666843170917
-4.63333333333333 3.85714300000000 10.14185223276700 39.16666843170917
-4.61666666666667 3.85714300000000 10.14185223276700 39.16666843170917
-4.60000000000000 3.85714300000000 10.14185223276700 39.16666843170917
-4.58333333333333 3.85714300000000 10.14185223276700 39.16666843170917
-4.56666666666667 3.85714300000000 10.14185223276700 39.16666843170917
-4.55000000000000 3.85714300000000 10.14185223276700 39.16666843170917
-4.53333333333333 3.85714300000000 10.14185223276700 39.16666843170917
-4.51666666666667 3.85714300000000 10.14185223276700 39.16666843170917
-4.50000000000000 3.85714300000000 10.14185223276700 39.16666843170917
-4.48333333333333 3.85714300000000 10.14185223276700 39.16666843170917
-4.46666666666667 3.85714300000000 10.14185223276700 39.16666843170917
-4.45000000000000 3.85714300000000 10.14185223276700 39.16666843170917
-4.43333333333333 3.85714300000000 10.14185223276700 39.16666843170917
-4.41666666666667 3.85714300000000 10.14185223276700 39.16666843170917
-4.40000000000000 3.85714300000000 10.14185223276700 39.16666843170917
-4.38333333333333 3.85714300000000 10.14185223276700 39.16666843170917
-4.36666666666667 3.85714300000000 10.14185223276700 39.16666843170917
-4.35000000000000 3.85714300000000 10.14185223276700 39.16666843170917
-4.33333333333333 3.85714300000000 10.14185223276700 39.16666843170917
-4.31666666666667 3.85714300000000 10.14185223276700 39.16666843170917
-4.30000000000000 3.85714300000000 10.14185223276700 39.16666843170917
-4.28333333333333 3.85714300000000 10.14185223276700 39.16666843170917
-4.26666666666667 3.85714300000000 10.14185223276700 39.16666843170917
-4.25000000000000 3.85714300000000 10.14185223276700 39.16666843170917
-4.23333333333333 3.85714300000000 10.14185223276700 39.16666843170917
-4.21666666666667 3.85714300000000 10.14185223276700 39.16666843170916
-4.20000000000000 3.85714299999999 10.14185223276700 39.16666843170913
-4.18333333333333 3.85714299999999 10.14185223276699 39.16666843170910
-4.16666666666667 3.85714299999999 10.14185223276699 39.16666843170907
-4.15000000000000 3.85714299999998 10.14185223276699 39.16666843170904
-4.13333333333333 3.85714299999998 10.14185223276699 39.16666843170901
-4.11666666666667 3.85714299999998 10.14185223276699 39.16666843170899
-4.10000000000000 3.85714299999998 10.14185223276699 39.16666843170898
-4.08333333333333 3.85714299999997 10.14185223276699 39.16666843170893
-4.06666666666667 3.85714299999997 10.14185223276698 39.16666843170891
-4.05000000000000 3.85714299999997 10.14185223276698 39.16666843170889
-4.03333333333333 3.85714299999996 10.14185223276697 39.16666843170883
-4.01666666666667 3.85714299999996 10.14185223276698 39.16666843170881
-4.00000000000000 3.85714299999996 10.14185223276698 39.16666843170881
-3.98333333333333 3.85714299999996 10.14185223276698 39.16666843170881
-3.96666666666667 3.85714299999996 10.14185223276697 39.16666843170879
-3.95000000000000 3.85714299999995 10.14185223276697 39.16666843170874
-3.93333333333333 3.85714299999995 10.14185223276696 39.16666843170869
-3.91666666666667 3.85714299999994 10.14185223276696 39.16666843170865
-3.90000000000000 3.85714299999994 10.14185223276695 39.16666843170863
-3.88333333333333 3.85714299999993 10.14185223276695 39.16666843170860
-3.86666666666667 3.85714299999993 10.14185223276695 39.16666843170857
-3.85000000000000 3.85714299999993 10.14185223276695 39.16666843170854
-3.83333333333333 3.85714299999992 10.14185223276695 39.16666843170852
-3.81666666666667 3.85714299999992 10.14185223276695 39.16666843170849
-3.80000000000000 3.85714299999991 10.14185223276695 39.16666843170844
-3.78333333333333 3.85714299999991 10.14185223276695 39.16666843170843
-3.76666666666667 3.85714299999991 10.14185223276694 39.16666843170840
-3.75000000000000 3.85714299999991 10.14185223276694 39.16666843170837
-3.73333333333333 3.85714299999990 10.14185223276694 39.16666843170835
-3.71666666666667 3.85714299999990 10.14185223276694 39.16666843170832
-3.70000000000000 3.85714299999990 10.14185223276694 39.16666843170829
-3.68333333333333 3.85714299999989 10.14185223276693 39.16666843170826
-3.66666666666667 3.85714299999989 10.14185223276693 39.16666843170823
-3.65000000000000 3.85714299999988 10.14185223276693 39.16666843170818
-3.63333333333333 3.85714299999988 10.14185223276692 39.16666843170813
-3.61666666666667 3.85714299999987 10.14185223276692 39.16666843170808
-3.60000000000000 3.85714299999986 10.14185223276691 39.16666843170801
-3.58333333333333 3.85714299999985 10.14185223276689 39.16666843170789
-3.56666666666667 3.85714299999981 10.14185223276687 39.16666843170759
-3.55000000000000 3.85714299999971 10.14185223276680 39.16666843170684
-3.53333333333333 3.85714299999949 10.14185223276665 39.16666843170515
-3.51666666666667 3.85714299999899 10.14185223276630 39.16666843170129
-3.50000000000000 3.85714299999789 10.14185223276552 39.16666843169274
-3.48333333333333 3.85714299999546 10.14185223276385 39.16666843167394
-3.46666666666667 3.85714299999015 10.14185223276017 39.16666843163284
-3.45000000000000 3.85714299997869 10.14185223275222 39.16666843154411
-3.43333333333333 3.85714299995420 10.14185223273526 39.16666843135458
-3.41666666666667 3.85714299990246 10.14185223269943 39.16666843095408
-3.40000000000000 3.85714299979427 10.14185223262448 39.16666843011652
-3.38333333333333 3.85714299957045 10.14185223246943 39.16666842838387
-3.36666666666667 3.85714299911246 10.14185223215217 39.16666842483854
-3.35000000000000 3.85714299818557 10.14185223151010 39.16666841766336
-3.33333333333333 3.85714299633047 10.14185223022504 39.16666840330271
-3.31666666666667 3.85714299265922 10.14185222768190 39.16666837488295
-3.30000000000000 3.85714298547629 10.14185222270615 39.16666831927870
-3.28333333333333 3.85714297158424 10.14185221308287 39.16666821173806
-3.26666666666667 3.85714294502975 10.14185219468810 39.16666800617547
-3.25000000000000 3.85714289487141 10.14185215994252 39.16666761789154
-3.23333333333333 3.85714280126513 10.14185209509975 39.16666689327010
-3.21666666666667 3.85714262870471 10.14185197556399 39.16666555745170
-3.20000000000000 3.85714231453472 10.14185175793267 39.16666312541059
-3.18333333333333 3.85714174975020 10.14185136669589 39.16665875332170
-3.16666666666667 3.85714074745299 10.14185067238540 39.16665099437624
-3.15000000000000 3.85713899195589 10.14184945631730 39.16663740478909
-3.13333333333333 3.85713595820300 10.14184735477102 39.16661392002016
-3.11666666666667 3.85713078672082 10.14184377235961 39.16657388675394
-3.10000000000000 3.85712209364103 10.14183775041289 39.16650659226565
-3.08333333333333 3.85710768857959 10.14182777150461 39.16639508050435
-3.06666666666667 3.85708416585843 10.14181147617604 39.16621298774277
-3.05000000000000 3.85704632789907 10.14178526324466 39.16592007914189
-3.03333333333333 3.85698639566938 10.14174374223743 39.16545613708893
-3.01666666666667 3.85689296295373 10.14167900756077 39.16473286693498
-3.00000000000000 3.85674966306129 10.14157971176195 39.16362357773872
-2.98333333333333 3.85653354295060 10.14142993264515 39.16195060022415
-2.96666666666667 3.85621318429502 10.14120785839246 39.15947074990386
-2.95000000000000 3.85574667414624 10.14088435622790 39.15585963344533
-2.93333333333333 3.85507960328149 10.14042153901478 39.15069618228463
-2.91666666666667 3.85414334111055 10.13977148883617 39.14344934803620
-2.90000000000000 3.85285387128337 10.13887531621681 39.13346916994853
-2.88333333333333 3.85111142611208 10.13766269751495 39.11998407056609
-2.86666666666667 3.84880097254343 10.13605190184779 39.10210480186829
-2.85000000000000 3.84579321191201 10.13395004617933 39.07883244189039
-2.83333333333333 3.84194508571295 10.13125284482960 39.04906265958468
-2.81666666666667 3.83709772403489 10.12784235542782 39.01157031320298
-2.80000000000000 3.83106811721685 10.12357997553148 38.96494568690322
-2.78333333333333 3.82362800200867 10.11828975048985 38.90743223567431
-2.76666666666667 3.81445807212160 10.11172266903115 38.83657441169649
-2.75000000000000 3.80306557526488 10.10349186965745 38.74858013571485
-2.73333333333333 3.78927114843520 10.09344915470371 38.64206661870149
-2.71666666666667 3.77724352605261 10.08456407371746 38.54928501344499
-2.70000000000000 3.76894884803278 10.07838621557977 38.48532444666730
-2.68333333333333 3.76446241614692 10.07502889072581 38.45073739109780
-2.66666666666667 3.76299693126760 10.07393009692072 38.43944061165305
-2.65000000000000 3.76310449508608 10.07401069244145 38.44027006655190
-2.63333333333333 3.76561899207073 10.07589270814307 38.45965727026021
-2.61666666666667 3.77417306181295 10.08225952172274 38.52563355672353
-2.60000000000000 3.79421516267592 10.09697676998034 38.68033965717736
-2.58333333333333 3.83325477345462 10.12486752901970 38.98214447179464
-2.56666666666667 3.89822962236928 10.16980440191673 39.48503097403332
-2.55000000000000 3.96318303682178 10.21166701868859 39.98998473820155
-2.53333333333333 4.00495250809436 10.23729040475504 40.31558166422477
-2.51666666666667 4.02954537365377 10.25192000175514 40.50757098127177
-2.50000000000000 4.04301997676805 10.25980076470292 40.61285626546854
-2.48333333333333 4.04975748932664 10.26370547959419 40.66552513450490
-2.46666666666667 4.05262427479979 10.26535900968443 40.68793711869446
-2.45000000000000 4.05345332146072 10.26583592430803 40.69441584317701
-2.43333333333333 4.05345402615747 10.26583599088716 40.69441984396278
-2.41666666666667 4.05264135890159 10.26536712534984 40.68806566071278
-2.40000000000000 4.05026398690771 10.26399326472295 40.66948175429258
-2.38333333333333 4.04591699146775 10.26147208118461 40.63550859880294
-2.36666666666667 4.03960413232059 10.25779061813499 40.58618533435713
-2.35000000000000 4.03163595960459 10.25311057133784 40.52395131880105
-2.33333333333333 4.02246625866997 10.24767937658666 40.45236426939739
-2.31666666666667 4.01253047064649 10.24174643590423 40.37482367094128
-2.30000000000000 4.00240372425655 10.23564238919954 40.29583434704593
-2.28333333333333 3.99251836407850 10.22961999726821 40.21877991325358
-2.26666666666667 3.98278810273085 10.22363126855145 40.14297697761964
-2.25000000000000 3.97314168097815 10.21763717206133 40.06786481460831
-2.23333333333333 3.96354095279780 10.21161862522405 39.99314533607140
-2.21666666666667 3.95396235711289 10.20556129442200 39.91862895818458
-2.20000000000000 3.94439095718101 10.19945478395564 39.84420877605761
-2.18333333333333 3.93481948995244 10.19329515140510 39.76982579955390
-2.16666666666667 3.92524076056023 10.18707752342819 39.69541634130575
-2.15000000000000 3.91563892444879 10.18079047676574 39.62086175900518
-2.13333333333333 3.90598974579669 10.17441714110239 39.54597405508255
-2.11666666666667 3.89626336246162 10.16793657671175 39.47052203687565
-2.10000000000000 3.88642800421922 10.16132587974006 39.39425990550306
-2.08333333333333 3.87645410410386 10.15456277059334 39.31695936492003
-2.06666666666667 3.86631841888775 10.14762868582405 39.23844207629524
-2.05000000000000 3.85600761516951 10.14051141646323 39.15860678789076
-2.03333333333333 3.84552103544031 10.13320710400661 39.07745000781456
-2.01666666666667 3.83487295097410 10.12572451217548 38.99507719393776
-2.00000000000000 3.82415064452610 10.11812693267276 38.91216630341629
-1.98333333333333 3.81348093443888 10.11048663291858 38.82971414996574
-1.96666666666667 3.80285189507683 10.10280574241597 38.74761775037828
-1.95000000000000 3.79224653920290 10.09507377085999 38.66574272128497
-1.93333333333333 3.78165218521816 10.08728175816274 38.58398801954544
-1.91666666666667 3.77106031581587 10.07942301130577 38.50229965241347
-1.90000000000000 3.76046618326419 10.07149430373953 38.42062723483132
-1.88333333333333 3.74986007311536 10.06348771808209 38.33889616158240
-1.86666666666667 3.73922134160882 10.05538698435718 38.25694973105689
-1.85000000000000 3.72851404452076 10.04716367571180 38.17451099880897
-1.83333333333333 3.71768146852365 10.03877224925432 38.09114377113524
-1.81666666666667 3.70663806028550 10.03014293533893 38.00619101661029
-1.80000000000000 3.69525635131846 10.02117020575023 37.91867474515242
-1.78333333333333 3.68335548469268 10.01171554204623 37.82718828961283
-1.76666666666667 3.67131401679416 10.00205767516027 37.73467348609682
-1.75000000000000 3.66003127345431 9.99291216856406 37.64803723921551
-1.73333333333333 3.65001950422919 9.98472928529593 37.57119206254016
-1.71666666666667 3.64183429100217 9.97799155189182 37.50838950253586
-1.70000000000000 3.63592864760668 9.97310407989929 37.46308884360843
-1.68333333333333 3.63245015328071 9.97021563366928 37.43640905905405
-1.66666666666667 3.63105207541609 9.96905214896686 37.42568658384597
-1.65000000000000 3.63089851972367 9.96892377220507 37.42450912106104
-1.63333333333333 3.63191454105439 9.96976782377229 37.43230228253007
-1.61666666666667 3.63632155572401 9.97342133487035 37.46610938385871
-1.60000000000000 3.64825940405372 9.98324616869267 37.55772577275977
-1.58333333333333 3.67521923876294 10.00505650549286 37.76483052363338
-1.56666666666667 3.72944661083279 10.04737150203280 38.18220894388983
-1.55000000000000 3.82546796734793 10.11903299334169 38.92244162422885
-1.53333333333333 3.92616024519580 10.18694041896307 39.70344350168056
-1.51666666666667 3.98873267955667 10.22615845031162 40.19079083476672
-1.50000000000000 4.02405919056413 10.24733717949859 40.46649480188741
-1.48333333333333 4.04292904579335 10.25838728040975 40.61394533566205
-1.46666666666667 4.05245475323695 10.26389977749392 40.68843073535759
-1.45000000000000 4.05683352912998 10.26641586329651 40.72267493351730
-1.43333333333333 4.05847346229747 10.26735984679060 40.73548343230397
-1.41666666666667 4.05882275430309 10.26756808111374 40.73819283023502
-1.40000000000000 4.05862154069023 10.26745821137329 40.73660639244641
-1.38333333333333 4.05746413919972 10.26680152271644 40.72753812160880
-1.36666666666667 4.05476835295535 10.26525923464677 40.70643904283167
-1.35000000000000 4.05028226670055 10.26267735948428 40.67134845924458
-1.33333333333333 4.04404301811500 10.25906374879092 40.62256801340536
-1.31666666666667 4.03628638915192 10.25453812667593 40.56195373288850
-1.30000000000000 4.02734395666017 10.24927636764004 40.49210873819234
-1.28333333333333 4.01755953190792 10.24346519199949 40.41572678827562
-1.26666666666667 4.00723559636821 10.23727237803718 40.33517483205380
-1.25000000000000 3.99660534384837 10.23083393783178 40.25226793022257
-1.23333333333333 3.98590010158468 10.22428510651286 40.16882135255330
-1.21666666666667 3.97525159151262 10.21769536485238 40.08586972616823
-1.20000000000000 3.96462248682138 10.21105368339588 40.00312080819092
-1.18333333333333 3.95399338936323 10.20434834705120 39.92041403963630
-1.16666666666667 3.94334411811198 10.19756475426864 39.83758733091507
-1.15000000000000 3.93263249054777 10.19067451291636 39.75431883269220
-1.13333333333333 3.92180040782405 10.18363796255187 39.67015807718192
-1.11666666666667 3.91078747834843 10.17641259275658 39.58463633587729
-1.10000000000000 3.89954485455478 10.16896242601201 39.49737614724643
-1.08333333333333 3.88804494101244 10.16126441730149 39.40816609652298
-1.06666666666667 3.87628400918023 10.15331053392878 39.31697982457786
-1.05000000000000 3.86427670439551 10.14510490728741 39.22393379943329
-1.03333333333333 3.85204385375928 10.13665619195079 39.12919292495513
-1.01666666666667 3.83959739732664 10.12796812289639 39.03284748103435
-1.00000000000000 3.82699616176554 10.11909719504411 38.93534402209325
-0.98333333333333 3.81450061058133 10.11018782466858 38.83873544411908
-0.96666666666667 3.80214589321225 10.10127878451140 38.74327496599285
-0.95000000000000 3.78991557718190 10.09236453962198 38.64883147463755
-0.93333333333333 3.77778126855211 10.08342787923443 38.55518359709285
-0.91666666666667 3.76570931500063 10.07444735891612 38.46206648357953
-0.90000000000000 3.75366815825050 10.06540199513974 38.36923117605801
-0.88333333333333 3.74163491676209 10.05627525428183 38.27651489198828
-0.86666666666667 3.72959640533740 10.04705731723859 38.18379564765350
-0.85000000000000 3.71752123511977 10.03772216861892 38.09083608685722
-0.83333333333333 3.70533434839547 10.02820940903581 37.99706059961900
-0.81666666666667 3.69289157014671 10.01840142751941 37.90136126555598
-0.80000000000000 3.68001239446012 10.00817296833223 37.80232718884786
-0.78333333333333 3.66727221789025 9.99793237009173 37.70443281849735
-0.76666666666667 3.65539609487406 9.98829176192740 37.61322312852406
-0.75000000000000 3.64485389298592 9.97965914367112 37.53229070605950
-0.73333333333333 3.63611508334411 9.97245209085118 37.46522216212043
-0.71666666666667 3.62953554603839 9.96699888199820 37.41472991175127
-0.70000000000000 3.62523983170870 9.96342638880282 37.38176607507528
-0.68333333333333 3.62302819743711 9.96159111981812 37.36478039681209
-0.66666666666667 3.62235147864731 9.96104404349942 37.35955562475907
-0.65000000000000 3.62244154334584 9.96112929983410 37.36022837202974
-0.63333333333333 3.62381755103682 9.96229284886760 37.37075613272863
-0.61666666666667 3.62837763653029 9.96610904765812 37.40570393343347
-0.60000000000000 3.63919109321883 9.97508077675201 37.48864036965210
-0.58333333333333 3.66139827155281 9.99323451333086 37.65912457320229
-0.56666666666667 3.70314777637582 10.02644068405969 37.98015342191736
-0.55000000000000 3.77509357728356 10.08151339110336 38.53407606738998
-0.53333333333333 3.87334101238273 10.15146460954893 39.29364985201076
-0.51666666666667 3.94723566584075 10.19987824412625 39.86773994231049
-0.50000000000000 3.99457383773896 10.22923819974371 40.23652024535352
-0.48333333333333 4.02390213354784 10.24682388514056 40.46537986246400
-0.46666666666667 4.04169645895303 10.25727965659540 40.60436803436631
-0.45000000000000 4.05218563355018 10.26338165028160 40.68630715633370
-0.43333333333333 4.05802977545441 10.26677490142928 40.73193827025162
-0.41666666666667 4.06093727383896 10.26846489568137 40.75463526837859
-0.40000000000000 4.06208040796901 10.26915311726876 40.76350929197854
-0.38333333333333 4.06232643101325 10.26933382485219 40.76535512682194
-0.36666666666667 4.06213808372326 10.26925031391092 40.76383671341304
-0.35000000000000 4.06111160409089 10.26869469249971 40.75574639393514
-0.33333333333333 4.05869310784580 10.26734332149371 40.73675951004360
-0.31666666666667 4.05455266734392 10.26499771567638 40.70431233123584
-0.30000000000000 4.04860360565074 10.26159396993129 40.65773956880522
-0.28333333333333 4.04098481285495 10.25719213328106 40.59813994577983
-0.26666666666667 4.03199959694282 10.25194850486363 40.52790069126245
-0.25000000000000 4.02202729475083 10.24606953186428 40.44999639289553
-0.23333333333333 4.01142851531878 10.23975695421563 40.36724640296639
-0.21666666666667 4.00047134534306 10.23316445085386 40.28174225882616
-0.20000000000000 3.98929520250712 10.22637248173879 40.19457146646296
-0.18333333333333 3.97791803863711 10.21938693015190 40.10587749725176
-0.16666666666667 3.96627936620378 10.21216211882389 40.01519735850763
-0.15000000000000 3.95429832564600 10.20463661075600 39.92191424239545
-0.13333333333333 3.94192192004157 10.19676543710773 39.82562865731393
-0.11666666666667 3.92914613975287 10.18853657154055 39.72631663245447
-0.10000000000000 3.91600816078766 10.17996844968697 39.62426574072732
-0.08333333333333 3.90256201916838 10.17109442944983 39.51988690755450
-0.06666666666667 3.88885507987994 10.16194500615083 39.41353667587243
-0.05000000000000 3.87491689785788 10.15253686970908 39.30543853863469
-0.03333333333333 3.86076138380698 10.14287149320728 39.19570625073081
-0.01666666666667 3.84639550240009 10.13294047004414 39.08441237030745
0.00000000000000 3.83182700301666 10.12273330098471 38.97164296133954
0.01666666666667 3.81707634118120 10.11225713176344 38.85755213745628
0.03333333333333 3.80227978121060 10.10159702048557 38.74324533372349
0.05000000000000 3.78755043845610 10.09083119671270 38.62959350427727
0.06666666666667 3.77289963404524 10.07999197178675 38.51662531942180
0.08333333333333 3.75836119898206 10.06912008325078 38.40454902840928
0.10000000000000 3.74393435225840 10.05822946500339 38.29332457412154
0.11666666666667 3.72958642324500 10.04730849767704 38.18270861603807
0.13333333333333 3.71534401005471 10.03637497518271 38.07289182562825
0.15000000000000 3.70138116507811 10.02554332114506 37.96525285693541
0.16666666666667 3.68793907269878 10.01491775047958 37.86185224254587
0.18333333333333 3.67509235572090 10.00451278455977 37.76339601592811
0.20000000000000 3.66267858895695 9.99429095326007 37.66846305411064
0.21666666666667 3.65056952393699 9.98428397182584 37.57579440411578
0.23333333333333 3.63907772314808 9.97482897892730 37.48763646276439
0.25000000000000 3.62904317660408 9.96669357700713 37.41031310863303
0.26666666666667 3.62137431943087 9.96064520402130 37.35083035258268
0.28333333333333 3.61645887636829 9.95681020507953 37.31256821789115
0.30000000000000 3.61393097778907 9.95452230449963 37.29351542114422
0.31666666666667 3.61306714483903 9.95327174088448 37.28797549444492
0.33333333333333 3.61320514802677 9.95309916220515 37.28957332718749
0.35000000000000 3.61525607262468 9.95453677363062 37.30595971456266
0.36666666666667 3.62117247336706 9.95928510337536 37.35176995382538
0.38333333333333 3.63282353574245 9.96895835381817 37.44120691638292
0.40000000000000 3.65195490895652 9.98492042978845 37.58758229340238
0.41666666666667 3.68047537486615 10.00845212819327 37.80560324513807
0.43333333333333 3.72097770764885 10.04104224790290 38.11552486019887
0.45000000000000 3.77629200652758 10.08377079762884 38.54003564986402
0.46666666666667 3.84330133378710 10.13301685901850 39.05636162394951
0.48333333333333 3.90170150786747 10.17637154119176 39.50001517053589
0.50000000000000 3.94766474902817 10.20917414558755 39.85106593440612
0.51666666666667 3.98051095448406 10.22597815918388 40.11705264174919
0.53333333333333 4.00180687424402 10.22850649921126 40.30314432980862
0.55000000000000 4.01480131727160 10.22375177728273 40.42877135576317
0.56666666666667 4.02014615125024 10.20862029671664 40.51626394975121
0.58333333333333 4.02033668491446 10.18590323430063 40.58285315757712
0.60000000000000 4.01695060617057 10.16133407682285 40.60632004513373
0.61666666666667 4.00975795079991 10.13488708683085 40.60119352073887
0.63333333333333 4.00435443653326 10.11630380893532 40.58924180431272
0.65000000000000 4.00194662938144 10.10785343003217 40.58069838080654
0.66666666666667 4.00165901990218 10.10743010270930 40.57972662975747
0.68333333333333 4.00378085171666 10.11596101192244 40.58076368040913
0.70000000000000 4.01070755165513 10.13849509537757 40.58899243006162
0.71666666666667 4.02485959524248 10.18114357224759 40.61351191233399
0.73333333333333 4.04871569643745 10.25112546981134 40.66293644232421
0.75000000000000 4.08665941628837 10.35964849230523 40.75143499386255
0.76666666666667 4.13301285601802 10.49389876435156 40.86481532865184
0.78333333333333 4.16423833231612 10.59012319234157 40.91409395088805
0.80000000000000 4.17746980529249 10.64333542544315 40.90979728574050
0.81666666666667 4.17966730243509 10.67035200823537 40.88485486475802
0.83333333333333 4.17227302158846 10.67672141346902 40.79578524400067
0.85000000000000 4.15884103832850 10.67345271444432 40.67926190950680
0.86666666666667 4.14067846267971 10.65381728984443 40.55925452156526
0.88333333333333 4.10842773172735 10.59992475804959 40.38757366853175
0.90000000000000 4.05669483441368 10.49708836240863 40.14764721699085
0.91666666666667 3.98031651722636 10.33044789034739 39.82533163619197
0.93333333333333 3.89064066340432 10.12920683868375 39.45389347066153
0.95000000000000 3.81561657481692 9.96651397945747 39.13450063187143
0.96666666666667 3.75832522577934 9.85052546379380 38.87712122083132
0.98333333333333 3.71651160303991 9.77345937593802 38.65900962754632
1.00000000000000 3.68904092865358 9.73491117603645 38.49829117265644
1.01666666666667 3.67373471374896 9.72884909785085 38.40131172432522
1.03333333333333 3.66656682225289 9.74334916811586 38.31042129213342
1.05000000000000 3.66504994852889 9.77300105359102 38.21055920867966
1.06666666666667 3.67183103814356 9.82812556252837 38.17592676066209
1.08333333333333 3.71106435417204 9.97182856997017 38.25307015683944
1.10000000000000 3.77222230175133 10.17203007881675 38.41905407698840
1.11666666666667 3.81373696887143 10.31796509060484 38.50208609836615
1.13333333333333 3.83558702879144 10.40922182503999 38.51147299744202
1.15000000000000 3.84504898742726 10.46768237826289 38.49209787604090
1.16666666666667 3.84680105676519 10.50202823675274 38.46307788241855
1.18333333333333 3.84033569071541 10.51256179449643 38.37380912407985
1.20000000000000 3.82984738431359 10.51203047495170 38.27715047635286
1.21666666666667 3.81522284604126 10.49159534024212 38.18207533606643
1.23333333333333 3.78337593558868 10.41864640674233 38.02859289390179
1.25000000000000 3.72445931780507 10.26635336520057 37.77951356112332
1.26666666666667 3.63557593300865 10.02572332480947 37.42716354293582
1.28333333333333 3.55116265393964 9.79287874719054 37.09801383937084
1.30000000000000 3.49101431177487 9.62327621680983 36.86656452917233
1.31666666666667 3.45514833837096 9.51715465749396 36.74245395987688
1.33333333333333 3.43945541802622 9.46263232866919 36.70186604249793
1.35000000000000 3.43751443853682 9.44411915862904 36.70725564238109
1.36666666666667 3.44827103501920 9.44598980636611 36.80172782127024
1.38333333333333 3.47109161556217 9.46817870893252 36.96343943490443
1.40000000000000 3.51175956161138 9.53198538571784 37.20266490957506
1.41666666666667 3.58342509146492 9.66785540423794 37.57730589606849
1.43333333333333 3.69642199014605 9.90507466226696 38.11664911126960
1.45000000000000 3.83925054204951 10.21492480689879 38.77528957952512
1.46666666666667 3.96583440403626 10.47765813327216 39.36514028043694
1.48333333333333 4.06877121903512 10.67611460466146 39.86247767612855
1.50000000000000 4.14824230725756 10.81789963585318 40.29628151822212
1.51666666666667 4.19893471855127 10.88554986092972 40.59311521804575
1.53333333333333 4.22238084947130 10.89018413109888 40.76029466145662
1.55000000000000 4.22928992194950 10.85900482452649 40.93586770805201
1.56666666666667 4.22624089608341 10.80513292725530 41.04490971957767
1.58333333333333 4.19263882455094 10.67743680627242 41.01469816989373
1.60000000000000 4.09141284729652 10.39280438133934 40.74809985371837
1.61666666666667 3.95880283676710 10.03976856507789 40.36348152984392
1.63333333333333 3.86177740036912 9.77977020692807 40.08324251191558
1.65000000000000 3.80085570224293 9.61516401018183 39.90888957062364
1.66666666666667 3.76971492530753 9.52949932001795 39.82559468586530
1.68333333333333 3.75916666900176 9.49803430493751 39.79908617570750
1.70000000000000 3.75953167647679 9.49587672925374 39.80520647325132
1.71666666666667 3.77651483357248 9.53634069305810 39.86138556177403
1.73333333333333 3.83437757605650 9.68320698146285 40.03651798594865
1.75000000000000 3.96143870819346 10.00552768754427 40.42591765324189
1.76666666666667 4.13142043206757 10.44004936123221 40.93808546798503
1.78333333333333 4.26092797599808 10.77709099479179 41.32313481315634
1.80000000000000 4.34026353076493 10.99100738120545 41.53611683287606
1.81666666666667 4.37576804109708 11.09661345218430 41.59507893840046
1.83333333333333 4.38289725479909 11.13395557333054 41.58888977160866
1.85000000000000 4.37272199801007 11.13608769729960 41.48568339309243
1.86666666666667 4.34504989578001 11.10147005736431 41.31228950443842
1.88333333333333 4.28650314588740 10.98196059470747 41.05310321453043
1.90000000000000 4.17031397578178 10.71777457365016 40.59760282492900
1.91666666666667 3.98198225978454 10.26957471443956 39.89789187592967
1.93333333333333 3.79181665164024 9.81544892316141 39.18586957889983
1.95000000000000 3.65021182195877 9.48781175742225 38.64115821100464
1.96666666666667 3.55362345502512 9.27556009946900 38.23171933625497
1.98333333333333 3.49429223878172 9.15994662710564 37.93874931291815
2.00000000000000 3.46460403413172 9.12573420849143 37.78209614012890
2.01666666666667 3.45202439095065 9.13275069615160 37.66963528484623
2.03333333333333 3.44881048209714 9.16431520390582 37.54180529063868
2.05000000000000 3.47092055441645 9.27516698348608 37.53756786008581
2.06666666666667 3.56666448053851 9.57908271685427 37.80114031844289
2.08333333333333 3.73945920508984 10.08796735798892 38.33968006748049
2.10000000000000 3.89525519409504 10.55658066146710 38.83881714305952
2.11666666666667 3.99933027835338 10.88466457215961 39.15570569460255
2.13333333333333 4.05562846921694 11.07619380218963 39.27192895331206
2.15000000000000 4.07900307797573 11.17433807921910 39.28320595001828
2.16666666666667 4.08493312654067 11.22181484012604 39.27496493896704
2.18333333333333 4.07986731335047 11.23290569015920 39.20413043209390
2.20000000000000 4.06331723648000 11.20688055424677 39.09227923245713
2.21666666666667 4.01488372867813 11.07611755562301 38.89123484030827
2.23333333333333 3.90840273045569 10.78165699053611 38.47849653589378
2.25000000000000 3.73458480666298 10.29558822763089 37.79564239430056
2.26666666666667 3.53494281762114 9.74012327212795 37.04753348935167
2.28333333333333 3.37460491456022 9.29762580878560 36.50329584190472
2.30000000000000 3.25363259657404 8.95340305117300 36.05289819331517
2.31666666666667 3.16849215898842 8.69297759088337 35.64788603101384
2.33333333333333 3.12081593610342 8.53049233624636 35.36981201937189
2.35000000000000 3.11531283029428 8.51632455160368 35.58416602794829
2.36666666666667 3.20531343007313 8.89997987178928 37.27677496971687
2.38333333333333 2.90680265477478 7.33793334982884 30.55812549216525
2.40000000000000 1.54599744186784 1.86107094348311 9.09868354356265
2.41666666666667 0.97908058237627 0.14166442149685 2.95173245462268
2.43333333333333 0.92074108646443 0.00643406867695 2.51997595261355
2.45000000000000 0.93368000198609 0.00027370341398 2.50084385470801
2.46666666666667 0.95171576868989 0.00001153221806 2.50003521382627
2.48333333333333 0.96904090615988 0.00000048174189 2.50000145759405
2.50000000000000 0.98629257177467 0.00000001995574 2.50000005984260
2.51666666666667 1.00350095125867 0.00000000082009 2.50000000243784
2.53333333333333 1.02071765068391 0.00000000003344 2.50000000009856
2.55000000000000 1.03800917334909 0.00000000000135 2.50000000000396
2.56666666666667 1.05535143747485 0.00000000000005 2.50000000000016
2.58333333333333 1.07241534802661 0.00000000000000 2.50000000000001
2.60000000000000 1.08895438080087 0.00000000000000 2.50000000000000
2.61666666666667 1.10471383443682 0.00000000000000 2.50000000000000
2.63333333333333 1.11943316642673 0.00000000000000 2.50000000000000
2.65000000000000 1.13287202533907 0.00000000000000 2.50000000000000
2.66666666666667 1.14483303774260 0.00000000000000 2.50000000000000
2.68333333333333 1.15517886337885 0.00000000000000 2.50000000000000
2.70000000000000 1.16384226994379 0.00000000000000 2.50000000000000
2.71666666666667 1.17082913009645 0.00000000000000 2.50000000000000
2.73333333333333 1.17621517171167 0.00000000000000 2.50000000000000
2.75000000000000 1.18013793629267 0.00000000000000 2.50000000000000
2.76666666666667 1.18278570100372 0.00000000000000 2.50000000000000
2.78333333333333 1.18438513262631 0.00000000000000 2.50000000000000
2.80000000000000 1.18518923890537 0.00000000000000 2.50000000000000
2.81666666666667 1.18546685173539 0.00000000000000 2.50000000000000
2.83333333333333 1.18548724037498 0.00000000000000 2.50000000000000
2.85000000000000 1.18531139420178 0.00000000000000 2.50000000000000
2.86666666666667 1.18468931948754 0.00000000000000 2.50000000000000
2.88333333333333 1.18334923124640 0.00000000000000 2.50000000000000
2.90000000000000 1.18103251892271 0.00000000000000 2.50000000000000
2.91666666666667 1.17750363613160 0.00000000000000 2.50000000000000
2.93333333333333 1.17256181206448 0.00000000000000 2.50000000000000
2.95000000000000 1.16605345884872 0.00000000000000 2.50000000000000
2.96666666666667 1.15788379743309 0.00000000000000 2.50000000000000
2.98333333333333 1.14802597538647 0.00000000000000 2.50000000000000
3.00000000000000 1.13652589173722 0.00000000000000 2.50000000000000
3.01666666666667 1.12350115526420 0.00000000000000 2.50000000000000
3.03333333333333 1.10913313141651 0.00000000000000 2.50000000000000
3.05000000000000 1.09365187538950 0.00000000000000 2.50000000000000
3.06666666666667 1.07731483324438 0.00000000000000 2.50000000000000
3.08333333333333 1.06038137940599 0.00000000000000 2.50000000000000
3.10000000000000 1.04308637362136 0.00000000000000 2.50000000000000
3.11666666666667 1.02575642090308 0.00000000000000 2.50000000000000
3.13333333333333 1.00852772387107 0.00000000000000 2.50000000000000
3.15000000000000 0.99131980387080 0.00000000000000 2.50000000000000
3.16666666666667 0.97409054789963 0.00000000000000 2.50000000000000
3.18333333333333 0.95675974125046 0.00000000000000 2.50000000000000
3.20000000000000 0.93946663790983 0.00000000000000 2.50000000000000
3.21666666666667 0.92253709169256 0.00000000000000 2.50000000000000
3.23333333333333 0.90620624281929 0.00000000000000 2.50000000000000
3.25000000000000 0.89073354328889 0.00000000000000 2.50000000000000
3.26666666666667 0.87637631090777 0.00000000000000 2.50000000000000
3.28333333333333 0.86336427355895 0.00000000000000 2.50000000000000
3.30000000000000 0.85187830407258 0.00000000000000 2.50000000000000
3.31666666666667 0.84203540831117 0.00000000000000 2.50000000000000
3.33333333333333 0.83388083495147 0.00000000000000 2.50000000000000
3.35000000000000 0.82738709288751 0.00000000000000 2.50000000000000
3.36666666666667 0.82245882387089 0.00000000000000 2.50000000000000
3.38333333333333 0.81894195292929 0.00000000000000 2.50000000000000
3.40000000000000 0.81663533077805 0.00000000000000 2.50000000000000
3.41666666666667 0.81530314290059 0.00000000000000 2.50000000000000
3.43333333333333 0.81468661056257 0.00000000000000 2.50000000000000
3.45000000000000 0.81451386136638 0.00000000000000 2.50000000000000
3.46666666666667 0.81453549012425 0.00000000000000 2.50000000000000
3.48333333333333 0.81481619582575 0.00000000000000 2.50000000000000
3.50000000000000 0.81562583157204 0.00000000000000 2.50000000000000
3.51666666666667 0.81723313696613 0.00000000000000 2.50000000000000
3.53333333333333 0.81989094698242 0.00000000000000 2.50000000000000
3.55000000000000 0.82382565617067 0.00000000000000 2.50000000000000
3.56666666666667 0.82922515985003 0.00000000000000 2.50000000000000
3.58333333333333 0.83622651003503 0.00000000000000 2.50000000000000
3.60000000000000 0.84490485421256 0.00000000000000 2.50000000000000
3.61666666666667 0.85526542650418 0.00000000000000 2.50000000000000
3.63333333333333 0.86724034573078 0.00000000000000 2.50000000000000
3.65000000000000 0.88069167164709 0.00000000000000 2.50000000000000
3.66666666666667 0.89542154392305 0.00000000000000 2.50000000000000
3.68333333333333 0.91118929783121 0.00000000000000 2.50000000000000
3.70000000000000 0.92773429852394 0.00000000000000 2.50000000000000
3.71666666666667 0.94480199942824 0.00000000000000 2.50000000000000
3.73333333333333 0.96214548777838 0.00000000000000 2.50000000000000
3.75000000000000 0.97943577786318 0.00000000000000 2.50000000000000
3.76666666666667 0.99665213247450 0.00000000000000 2.50000000000000
3.78333333333333 1.01386039513678 0.00000000000000 2.50000000000000
3.80000000000000 1.03110974196828 0.00000000000000 2.50000000000000
3.81666666666667 1.04846436472246 0.00000000000000 2.50000000000000
3.83333333333333 1.06567093360618 0.00000000000000 2.50000000000000
3.85000000000000 1.08244667534485 0.00000000000000 2.50000000000000
3.86666666666667 1.09854640962291 0.00000000000000 2.50000000000000
3.88333333333333 1.11370885670659 0.00000000000000 2.50000000000000
3.90000000000000 1.12768283168662 0.00000000000000 2.50000000000000
3.91666666666667 1.14025161016793 0.00000000000000 2.50000000000000
3.93333333333333 1.15125245024241 0.00000000000000 2.50000000000000
3.95000000000000 1.16058950869243 0.00000000000000 2.50000000000000
3.96666666666667 1.16823960568154 0.00000000000000 2.50000000000000
3.98333333333333 1.17425132713317 0.00000000000000 2.50000000000000
4.00000000000000 1.17873870645749 0.00000000000000 2.50000000000000
4.01666666666667 1.18187115576997 0.00000000000000 2.50000000000000
4.03333333333333 1.18386143779914 0.00000000000000 2.50000000000000
4.05000000000000 1.18495334348848 0.00000000000000 2.50000000000000
4.06666666666667 1.18541045051915 0.00000000000000 2.50000000000000
4.08333333333333 1.18550697223521 0.00000000000000 2.50000000000000
4.10000000000000 1.18542897008749 0.00000000000000 2.50000000000000
4.11666666666667 1.18501491814937 0.00000000000000 2.50000000000000
4.13333333333333 1.18399002007990 0.00000000000000 2.50000000000000
4.15000000000000 1.18208942999651 0.00000000000000 2.50000000000000
4.16666666666667 1.17906718204260 0.00000000000000 2.50000000000000
4.18333333333333 1.17470728146628 0.00000000000000 2.50000000000000
4.20000000000000 1.16883598114589 0.00000000000000 2.50000000000000
4.21666666666667 1.16133389902219 0.00000000000000 2.50000000000000
4.23333333333333 1.15214633198508 0.00000000000000 2.50000000000000
4.25000000000000 1.14128997758426 0.00000000000000 2.50000000000000
4.26666666666667 1.12885437129078 0.00000000000000 2.50000000000000
4.28333333333333 1.11499674726283 0.00000000000000 2.50000000000000
4.30000000000000 1.09992975651582 0.00000000000000 2.50000000000000
4.31666666666667 1.08390249381642 0.00000000000000 2.50000000000000
4.33333333333333 1.06717650097041 0.00000000000000 2.50000000000000
4.35000000000000 1.04999969360431 0.00000000000000 2.50000000000000
4.36666666666667 1.03263923557970 0.00000000000000 2.50000000000000
4.38333333333333 1.01538443458748 0.00000000000000 2.50000000000000
4.40000000000000 0.99817675481990 0.00000000000000 2.50000000000000
4.41666666666667 0.98096488899939 0.00000000000000 2.50000000000000
4.43333333333333 0.96368880714496 0.00000000000000 2.50000000000000
4.45000000000000 0.94634078419593 0.00000000000000 2.50000000000000
4.46666666666667 0.92924196755245 0.00000000000000 2.50000000000000
4.48333333333333 0.91263919113255 0.00000000000000 2.50000000000000
4.50000000000000 0.89678370388327 0.00000000000000 2.50000000000000
4.51666666666667 0.88193637395506 0.00000000000000 2.50000000000000
4.53333333333333 0.86834211814131 0.00000000000000 2.50000000000000
4.55000000000000 0.85620704019493 0.00000000000000 2.50000000000000
4.56666666666667 0.84568066663543 0.00000000000000 2.50000000000000
4.58333333333333 0.83684452586142 0.00000000000000 2.50000000000000
4.60000000000000 0.82970726705949 0.00000000000000 2.50000000000000
4.61666666666667 0.82420568366357 0.00000000000000 2.50000000000000
4.63333333333333 0.82021045846746 0.00000000000000 2.50000000000000
4.65000000000000 0.81753518948740 0.00000000000000 2.50000000000000
4.66666666666667 0.81594724417673 0.00000000000000 2.50000000000000
4.68333333333333 0.81517915322579 0.00000000000000 2.50000000000000
4.70000000000000 0.81493951558079 0.00000000000000 2.50000000000000
4.71666666666667 0.81494495963598 0.00000000000000 2.50000000000000
4.73333333333333 0.81521369384061 0.00000000000000 2.50000000000000
4.75000000000000 0.81604639291588 0.00000000000000 2.50000000000000
4.76666666666667 0.81776611935088 0.00000000000000 2.50000000000000
4.78333333333333 0.82070114270268 0.00000000000000 2.50000000000000
4.80000000000000 0.82518234134495 0.00000000000000 2.50000000000000
4.81666666666667 0.83153823408030 0.00000000000000 2.50000000000000
4.83333333333333 0.84008739306881 0.00000000000000 2.50000000000000
4.85000000000000 0.85112767613315 0.00000000000000 2.50000000000000
4.86666666666667 0.86492116983946 0.00000000000000 2.50000000000000
4.88333333333333 0.87958600113228 0.00000000000000 2.50000000000000
4.90000000000000 0.89154418000453 0.00000000000000 2.50000000000000
4.91666666666667 0.90055006492552 0.00000000000000 2.50000000000000
4.93333333333333 0.90684465566897 0.00000000000000 2.50000000000000
4.95000000000000 0.91081409630325 0.00000000000000 2.50000000000000
4.96666666666667 0.91294683458868 0.00000000000000 2.50000000000000
4.98333333333333 0.91379532450299 0.00000000000000 2.50000000000000
5.00000000000000 0.91394542035816 0.00000000000000 2.50000000000000
