# x rho rhou E
0.00000000000000 0.15057666912156 0.00000000000000 176.64828613857475
0.00250000000000 0.15057871582807 0.00418093178641 176.65154733979651
0.00500000000000 0.15058532821057 0.00835006010000 176.66192404402909
0.00750000000000 0.15059657426331 0.01251784871235 176.67928498230057
0.01000000000000 0.15061258743190 0.01668283365172 176.70368834646536
0.01250000000000 0.15063346892119 0.02084499830692 176.73521565587527
0.01500000000000 0.15065928208554 0.02500486855594 176.77393631861929
0.01750000000000 0.15069007234285 0.02916365168061 176.81990973739727
0.02000000000000 0.15072587261609 0.03332284922491 176.87317457670966
0.02250000000000 0.15076669423733 0.03748455141868 176.93373097482959
0.02500000000000 0.15081253898491 0.04165119446800 177.00157215445302
0.02750000000000 0.15086337574447 0.04582526704490 177.07666601047961
0.03000000000000 0.15091912697958 0.05000919025283 177.15895480723151
0.03250000000000 0.15097966025537 0.05420511968132 177.24836118192695
0.03500000000000 0.15104478505656 0.05841470771848 177.34479814870429
0.03750000000000 0.15111425624098 0.06263891841620 177.44818226614566
0.04000000000000 0.15118778397840 0.06687792808554 177.55844496484229
0.04250000000000 0.15126505190261 0.07113111695395 177.67553913400886
0.04500000000000 0.15134574522574 0.07539720187473 177.79944007319239
0.04750000000000 0.15142958735383 0.07967454146704 177.93014038658922
0.05000000000000 0.15151637749330 0.08396154174722 178.06763723296655
0.05250000000000 0.15160601806753 0.08825701651566 178.21191354972433
0.05500000000000 0.15169852257918 0.09256037566044 178.36292241533869
0.05750000000000 0.15179399889050 0.09687160595102 178.52058498945502
0.06000000000000 0.15189260740965 0.10119109456501 178.68480191936271
0.06250000000000 0.15199450124526 0.10551938875143 178.85546596033615
0.06500000000000 0.15209976847465 0.10985700217979 179.03246599408965
0.06750000000000 0.15220840427853 0.11420433831216 179.21568497624924
0.07000000000000 0.15232032747187 0.11856174716641 179.40499689335459
0.07250000000000 0.15243542832090 0.12292970784134 179.60026152662476
0.07500000000000 0.15255361579380 0.12730906232206 179.80131583637467
0.07750000000000 0.15267483520883 0.13170120157433 180.00796490954463
0.08000000000000 0.15279904692208 0.13610815307945 180.21997330211013
0.08250000000000 0.15292618322409 0.14053251876434 180.43705712262724
0.08500000000000 0.15305612024038 0.14497728768896 180.65888800174559
0.08750000000000 0.15318868924230 0.14944562087992 180.88511580402454
0.09000000000000 0.15332371225427 0.15394065495949 181.11539189883985
0.09250000000000 0.15346103076641 0.15846536870360 181.34937839139613
0.09500000000000 0.15360051446477 0.16302251623142 181.58675415904662
0.09750000000000 0.15374205258901 0.16761460207273 181.82722426680891
0.10000000000000 0.15388553589908 0.17224393555036 182.07052271642556
0.10250000000000 0.15403084401013 0.17691267769666 182.31640959325125
0.10500000000000 0.15417785158635 0.18162262428771 182.56468053120923
0.10750000000000 0.15432645145336 0.18637463082300 182.81519645764675
0.11000000000000 0.15447658239197 0.19116786138989 183.06792339890364
0.11250000000000 0.15462825349943 0.19599911752676 183.32296849646369
0.11500000000000 0.15478156127211 0.20086247302518 183.58060073504933
0.11750000000000 0.15493669757323 0.20574929141840 183.84125291704987
0.12000000000000 0.15509399744262 0.21064837147810 184.10558892574267
0.12250000000000 0.15525417852019 0.21553794215536 184.37489383844542
0.12500000000000 0.15541780450063 0.22039868865990 184.65020195146880
0.12750000000000 0.15558488977054 0.22522779417896 184.93165419532374
0.13000000000000 0.15575515663011 0.23002947180108 185.21891978524729
0.13250000000000 0.15592819681065 0.23481105148234 185.51145608156588
0.13500000000000 0.15610351463774 0.23958241780957 185.80857037686690
0.13750000000000 0.15628063394102 0.24435339574221 186.10958182937839
0.14000000000000 0.15645918959571 0.24913035784335 186.41395622016171
0.14250000000000 0.15663887441342 0.25391924422010 186.72120496891660
0.14500000000000 0.15681942210560 0.25872582426819 187.03085163536946
0.14750000000000 0.15700059953128 0.26355584179033 187.34242528653888
0.15000000000000 0.15718221016304 0.26841479086067 187.65548464146923
0.15250000000000 0.15736408799189 0.27330773265349 187.96963532311437
0.15500000000000 0.15754610195559 0.27823876573666 188.28456465573066
0.15750000000000 0.15772818830216 0.28320990507172 188.60011147429830
0.16000000000000 0.15791038401499 0.28822013929968 188.91632162086265
0.16250000000000 0.15809282657674 0.29326523728493 189.23345182813091
0.16500000000000 0.15827572956942 0.29833849627764 189.55191340125060
0.16750000000000 0.15845937681241 0.30343208232260 189.87218542986670
0.17000000000000 0.15864407060779 0.30853835273225 190.19472675927597
0.17250000000000 0.15883005269272 0.31365125215391 190.51988309383714
0.17500000000000 0.15901745779174 0.31876734457415 190.84782315891786
0.17750000000000 0.15920630270118 0.32388598871236 191.17853199308573
0.18000000000000 0.15939651242312 0.32900869475122 191.51185832694040
0.18250000000000 0.15958797149847 0.33413795792289 191.84759566158868
0.18500000000000 0.15978057194318 0.33927623210238 192.18555179004875
0.18750000000000 0.15997423279474 0.34442558237702 192.52557033819375
0.19000000000000 0.16016889272403 0.34958789326820 192.86751303582804
0.19250000000000 0.16036449398463 0.35476517065940 193.21123497630808
0.19500000000000 0.16056097058577 0.35995968926283 193.55657091557711
0.19750000000000 0.16075824389465 0.36517398914866 193.90333327235916
0.20000000000000 0.16095622764806 0.37041071856061 194.25132241037861
0.20250000000000 0.16115484529522 0.37567225510658 194.60035378952927
0.20500000000000 0.16135405457123 0.38096019156514 194.95029558072082
0.20750000000000 0.16155386179055 0.38627503695919 195.30109173035871
0.21000000000000 0.16175431045729 0.39161643441420 195.65274863513699
0.21250000000000 0.16195544966371 0.39698375441512 196.00529446584946
0.21500000000000 0.16215730481788 0.40237658735154 196.35874407673782
0.21750000000000 0.16235986701092 0.40779482866901 196.71309136515487
0.22000000000000 0.16256309795334 0.41323846781338 197.06832207583187
0.22250000000000 0.16276693764882 0.41870737882898 197.42442681207888
0.22500000000000 0.16297130722229 0.42420128683400 197.78140242585215
0.22750000000000 0.16317610832436 0.42971989400904 198.13924319746451
0.23000000000000 0.16338122512435 0.43526304854725 198.49793016148280
0.23250000000000 0.16358653633778 0.44083084239305 198.85742704965537
0.23500000000000 0.16379194310499 0.44642360958663 199.21768378153496
0.23750000000000 0.16399729930774 0.45204165888241 199.57864645009721
0.24000000000000 0.16420250263109 0.45768529654766 199.94026915282575
0.24250000000000 0.16440751860515 0.46335511100996 200.30249863412070
0.24500000000000 0.16461232630908 0.46905173700439 200.66528312642987
0.24750000000000 0.16481690377728 0.47477589262887 201.02856734984968
0.25000000000000 0.16502122981177 0.48052837986202 201.39229226313429
0.25250000000000 0.16522528884692 0.48631000191426 201.75640090677857
0.25500000000000 0.16542907515116 0.49212150884907 202.12084228330266
0.25750000000000 0.16563259340674 0.49796360318412 202.48557083927005
0.26000000000000 0.16583585793203 0.50383700604228 202.85054190351153
0.26250000000000 0.16603889071318 0.50974251109572 203.21570770002998
0.26500000000000 0.16624171657070 0.51568097012981 203.58101736566817
0.26750000000000 0.16644436387119 0.52165324881724 203.94641926360359
0.27000000000000 0.16664685210875 0.52766031886075 204.31185822565769
0.27250000000000 0.16684918128296 0.53370346446108 204.67724492116770
0.27500000000000 0.16705136676263 0.53978354219044 205.04252291789345
0.27750000000000 0.16725343269934 0.54590111999359 205.40765700734136
0.28000000000000 0.16745540710520 0.55205683088168 205.77260336782004
0.28250000000000 0.16765729435219 0.55825125843560 206.13731718007111
0.28500000000000 0.16785902990645 0.56448487751424 206.50174682696081
0.28750000000000 0.16806047758726 0.57075810751953 206.86582537070780
0.29000000000000 0.16826146641277 0.57707140709477 207.22947191804903
0.29250000000000 0.16846182781237 0.58342537456416 207.59259508533509
0.29500000000000 0.16866141581608 0.58982081360267 207.95509328995166
0.29750000000000 0.16886011336495 0.59625873811376 208.31685548357322
0.30000000000000 0.16905783120615 0.60274030255098 208.67776579272484
0.30250000000000 0.16925450435294 0.60926667035621 209.03771193679520
0.30500000000000 0.16945008942058 0.61583885386642 209.39659568299237
0.30750000000000 0.16964456327310 0.62245755450773 209.75434340066494
0.31000000000000 0.16983792229314 0.62912303031592 210.11091492320239
0.31250000000000 0.17003018330704 0.63583502412071 210.46630900183513
0.31500000000000 0.17022138600742 0.64259277109678 210.82056396291117
0.31750000000000 0.17041159115489 0.64939506782956 211.17375331248505
0.32000000000000 0.17060086917591 0.65624037207598 211.52597720684557
0.32250000000000 0.17078928542530 0.66312693823750 211.87735080401163
0.32500000000000 0.17097689633738 0.67005302270855 212.22799012313587
0.32750000000000 0.17116375873147 0.67701714821333 212.57799660028883
0.33000000000000 0.17134993473401 0.68401833683562 212.92744276271571
0.33250000000000 0.17153547585713 0.69105622139256 213.27636154274848
0.33500000000000 0.17172039532225 0.69813104686784 213.62474025786491
0.33750000000000 0.17190465732611 0.70524366058671 213.97251897188954
0.34000000000000 0.17208820037326 0.71239555483999 214.31959314052830
0.34250000000000 0.17227097994114 0.71958890737365 214.66582106282863
0.34500000000000 0.17245299528061 0.72682649231401 215.01103613097578
0.34750000000000 0.17263427531458 0.73411138398400 215.35506238911660
0.35000000000000 0.17281483128839 0.74144651422251 215.69773060477411
0.35250000000000 0.17299461009948 0.74883425620030 216.03889151372783
0.35500000000000 0.17317347716280 0.75627618934767 216.37842372916404
0.35750000000000 0.17335123001193 0.76377307045574 216.71623631344264
0.36000000000000 0.17352762779093 0.77132493963373 217.05226816962738
0.36250000000000 0.17370242852967 0.77893130539951 217.38648576405700
0.36500000000000 0.17387543025538 0.78659138079911 217.71887909701411
0.36750000000000 0.17404650146312 0.79430429889682 218.04945665570401
0.37000000000000 0.17421558617974 0.80206922483011 218.37824122192040
0.37250000000000 0.17438268992258 0.80988537710059 218.70526669470172
0.37500000000000 0.17454786445224 0.81775203113921 219.03057492005766
0.37750000000000 0.17471119728606 0.82566852605560 219.35421340762014
0.38000000000000 0.17487280902622 0.83363429065267 219.67623463831890
0.38250000000000 0.17503286851095 0.84164895106264 219.99669406935200
0.38500000000000 0.17519160420639 0.84971242843875 220.31564545761827
0.38750000000000 0.17534925651430 0.85782474665103 220.63313953803612
0.39000000000000 0.17550598953730 0.86598562424458 220.94922904240048
0.39250000000000 0.17566189013216 0.87419448965836 221.26396984025610
0.39500000000000 0.17581709888672 0.88245116506502 221.57741016190553
0.39750000000000 0.17597189018915 0.89075632750402 221.88957937118352
0.40000000000000 0.17612654555176 0.89911088620072 222.20049587608639
0.40250000000000 0.17628121543197 0.90751526504831 222.51018344139857
0.40500000000000 0.17643605281588 0.91597005785155 222.81865955498728
0.40750000000000 0.17659136275943 0.92447705945660 223.12593296962564
0.41000000000000 0.17674727816221 0.93303646346615 223.43195199912032
0.41250000000000 0.17690234031538 0.94164130530572 223.73675251786801
0.41500000000000 0.17705574518915 0.95028658084338 224.04034719327751
0.41750000000000 0.17720705001505 0.95896958222118 224.34273045439684
0.42000000000000 0.17735604486086 0.96768847718321 224.64392046776584
0.42250000000000 0.17750269271096 0.97644212372194 224.94394623197587
0.42500000000000 0.17764703299429 0.98522958943685 225.24285350763674
0.42750000000000 0.17778911414014 0.99404980158945 225.54070375456701
0.43000000000000 0.17792897870795 1.00290150450574 225.83756961462856
0.43250000000000 0.17806667184534 1.01178335645815 226.13353011507473
0.43500000000000 0.17820224673904 1.02069401780420 226.42866638298031
0.43750000000000 0.17833575949699 1.02963218617563 226.72305830758631
0.44000000000000 0.17846726504439 1.03859662572475 227.01678530673934
0.44250000000000 0.17859686871505 1.04758650088509 227.30992781650781
0.44500000000000 0.17872485505693 1.05660217182816 227.60255871882370
0.44750000000000 0.17885175174357 1.06564564556318 227.89472997193801
0.45000000000000 0.17897816078336 1.07471961689326 228.18647700446695
0.45250000000000 0.17910447688714 1.08382572118829 228.47784099354098
0.45500000000000 0.17923088749814 1.09296454986843 228.76887559609895
0.45750000000000 0.17935764789603 1.10213717223006 229.05962251492787
0.46000000000000 0.17948508811880 1.11134526019790 229.35011506072976
0.46250000000000 0.17961360977206 1.12059100628027 229.64038561582601
0.46500000000000 0.17974376115167 1.12987760253788 229.93046770257402
0.46750000000000 0.17987633948961 1.13920992341352 230.22040006485292
0.47000000000000 0.18001247446892 1.14859511254324 230.51023049794210
0.47250000000000 0.18015366797324 1.15804299140181 230.80001868707430
0.47500000000000 0.18030182064257 1.16756630616438 231.08983057861820
0.47750000000000 0.18045924575001 1.17718055186977 231.37975913444666
0.48000000000000 0.18062863498257 1.18690432627824 231.66990464184701
0.48250000000000 0.18081306377295 1.19675929954668 231.96038227242366
0.48500000000000 0.18101603217091 1.20677050225256 232.25132809252756
0.48750000000000 0.18124155961000 1.21696715163927 232.54289696531828
0.49000000000000 0.18149434290286 1.22738379849335 232.83527075880875
0.49250000000000 0.18177995446768 1.23806186807363 233.12866413327268
0.49500000000000 0.18210508208943 1.24905152843589 233.42333312527757
0.49750000000000 0.18247782556358 1.26041401960690 233.71958580982255
0.50000000000000 0.18290806818686 1.27222459307003 234.01779516993162
0.50250000000000 0.18340793829396 1.28457618523450 234.31841549817472
0.50500000000000 0.18399237853268 1.29758398801336 234.62200304745801
0.50750000000000 0.18467983968018 1.31139107161718 234.92924208124066
0.51000000000000 0.18549309639299 1.32617508383240 235.24097665574828
0.51250000000000 0.18646015606653 1.34215585863682 235.55824775153673
0.51500000000000 0.18761522591356 1.35960371345517 235.88233517279110
0.51750000000000 0.18899972188506 1.37884833771733 236.21480405457930
0.52000000000000 0.19066331683338 1.40028826958917 236.55755611490568
0.52250000000000 0.19266501207762 1.42440085890234 236.91288533406251
0.52500000000000 0.19507419700449 1.45175246360187 237.28353717115357
0.52750000000000 0.19797167420986 1.48300871032834 237.67277071781444
0.53000000000000 0.20145067775711 1.51894501824653 238.08442454434885
0.53250000000000 0.20561796257484 1.56045797805385 238.52298853288494
0.53500000000000 0.21059505593319 1.60857830666496 238.99368462820780
0.53750000000000 0.21651972989306 1.66448588745533 239.50255882676154
0.54000000000000 0.22354769208548 1.72952695446685 240.05658518286555
0.54250000000000 0.23185441808243 1.80523290399925 240.66378051174095
0.54500000000000 0.24163697424903 1.89333960760420 241.33332605085928
0.54750000000000 0.25311561998558 1.99580556998924 242.07568991434516
0.55000000000000 0.26653495279215 2.11482698708982 242.90274225647207
0.55250000000000 0.28216438550810 2.25284786415729 243.82785435503348
0.55500000000000 0.30029782211814 2.41256388119099 244.86597409527141
0.55750000000000 0.32125250395205 2.59691949634499 246.03367373212652
0.56000000000000 0.34536709825730 2.80909859281465 247.34916984428546
0.56250000000000 0.37299917115657 3.05250956992041 248.83231759049286
0.56500000000000 0.40452222039083 3.33076607589570 250.50458113278839
0.56750000000000 0.44032244133897 3.64766460236010 252.38898143844199
0.57000000000000 0.48079535106348 4.00715982929584 254.51002263457610
0.57250000000000 0.52634226214886 4.41333757287360 256.89359545988503
0.57500000000000 0.57736632251750 4.87038285332580 259.56684520497180
0.57750000000000 0.63426736783209 5.38253643281655 262.55796894300215
0.58000000000000 0.69743418400074 5.95402728641391 265.89587819853705
0.58250000000000 0.76723212405394 6.58896230642322 269.60964202420683
0.58500000000000 0.84398361751933 7.29115107780012 273.72757759949872
0.58750000000000 0.92794431428175 8.06389583915835 278.27715162181983
0.59000000000000 1.01876368763106 8.90437810386645 283.20220604039491
0.59250000000000 1.10949551616277 9.75403979355457 288.30375219003861
0.59500000000000 1.19538415235104 10.56985230474157 293.45216102575017
0.59750000000000 1.27660336588358 11.35328835470749 298.58361472163949
0.60000000000000 1.35327793655316 12.10449043580650 303.69307068578803
0.60250000000000 1.42548713117869 12.82335527904248 308.76928089976360
0.60500000000000 1.49330914822129 13.50972335092172 313.79949986590589
0.60750000000000 1.55685303893424 14.16388736254887 318.77874332871068
0.61000000000000 1.61625765288823 14.78667724296538 323.70730485308025
0.61250000000000 1.67167704428310 15.37907543538302 328.58201081282920
0.61500000000000 1.72331018435411 15.94201901800674 333.39871217055497
0.61750000000000 1.77142320311124 16.47673421629211 338.15956195430397
0.62000000000000 1.81624442775071 16.98513054092535 342.85966037786540
0.62250000000000 1.85789436688151 17.46935429791044 347.47898990386943
0.62500000000000 1.89669337152072 17.93090354641025 352.03238898782132
0.62750000000000 1.93330844932609 18.37130291850771 356.57718172528018
0.63000000000000 1.96783608925042 18.79227266038461 361.08008198376274
0.63250000000000 1.99930296391422 19.19198855842316 365.36698033709564
0.63500000000000 2.02807950129108 19.57355606559089 369.52542512823555
0.63750000000000 2.05626135656093 19.93961305192741 373.77200999542822
0.64000000000000 2.08756105853156 20.29929475588447 378.61864916283059
0.64250000000000 2.16673019200162 20.75532978449085 390.97208796117673
0.64500000000000 2.54193809736356 20.58947922886085 454.62828270059680
0.64750000000000 3.73118538247682 16.05958397067808 688.36153486175226
0.65000000000000 4.70332612724856 9.90263106418653 910.52258814090635
0.65250000000000 4.92809342309447 8.82008701729492 961.88863179318639
0.65500000000000 4.95877301174781 8.99388806273979 967.35750847772340
0.65750000000000 4.92938855983765 9.59324653678538 958.79680041668826
0.66000000000000 4.86096111184538 10.48910229962684 940.28876771526325
0.66250000000000 4.79556004738380 11.19859671687947 924.23215117215307
0.66500000000000 4.73264832842459 11.78694853737603 909.72181726086865
0.66750000000000 4.66682699471660 12.32603265180033 895.07616324762330
0.67000000000000 4.60044052420786 12.84809708426158 880.13017636181917
0.67250000000000 4.53790752632702 13.36919271904664 864.98319741472869
0.67500000000000 4.48238162957161 13.90063923004483 849.69338499081618
0.67750000000000 4.43658520072058 14.44991713913811 834.44160897950655
0.68000000000000 4.40077777167985 15.01913109295554 819.40027843595885
0.68250000000000 4.37347244438913 15.60777251983743 804.55343751854809
0.68500000000000 4.35253844990757 16.21210340279196 789.85893805734281
0.68750000000000 4.33577402390182 16.82662871613648 775.26654168934510
0.69000000000000 4.32118840718617 17.44549118083111 760.73329637985603
0.69250000000000 4.30725768719689 18.06421498980203 746.25993497664126
0.69500000000000 4.29330527123094 18.68537993618364 731.93346015360612
0.69750000000000 4.27891816552785 19.30741760555105 717.77225149301785
0.70000000000000 4.26121699284605 19.90547208215769 703.54890166756581
0.70250000000000 4.23553679178346 20.44385357558515 688.70284429985122
0.70500000000000 4.19843376311258 20.88432001738285 672.38173093440071
0.70750000000000 4.15110336377514 21.22471944498997 654.38693487090563
0.71000000000000 4.10159770309780 21.51433522123006 636.03176596272647
0.71250000000000 4.05439728274078 21.79645276957811 618.07383029507014
0.71500000000000 4.01092750899483 22.09324782393819 600.73642945847314
0.71750000000000 3.97396911251215 22.44114887496414 584.46427528091203
0.72000000000000 3.94620303014783 22.87845362991617 569.69249070945193
0.72250000000000 3.92871219916809 23.42267641509858 556.59793592546396
0.72500000000000 3.92086448278339 24.06697744715330 545.31385088643333
0.72750000000000 3.92221693837478 24.85456730676145 536.70523500752734
0.73000000000000 3.95041485387296 25.93228468675191 531.45697924738897
0.73250000000000 4.01298125063159 27.29974266190850 528.49730455126735
0.73500000000000 4.08859389737389 28.80376437437242 526.88708031508600
0.73750000000000 4.17288264615032 30.45471852615095 526.49986836503876
0.74000000000000 4.27843883124549 32.32787970277471 526.93595895269107
0.74250000000000 4.38198389785909 34.23667359144792 528.16385456697458
0.74500000000000 4.47647203197734 36.11088809374930 529.95784543069135
0.74750000000000 4.56943484116633 37.99501085833097 532.10034261258988
0.75000000000000 4.66083240644415 39.90023401974925 534.38913365120152
0.75250000000000 4.73898873032020 41.71118715368602 536.67556473041566
0.75500000000000 4.79213225880121 43.34228402380785 539.53644224437107
0.75750000000000 4.81321370258014 44.63402117874475 542.32758879615153
0.76000000000000 4.79324949994343 45.42653495897012 541.46977013145977
0.76250000000000 4.73632584216862 46.05225852836904 539.50334997905020
0.76500000000000 4.70412401567109 46.75616650217441 539.74574217482188
0.76750000000000 4.69375358599117 47.57856770903304 541.57602086202110
0.77000000000000 4.69194691798376 48.32331591769041 545.45391052670584
0.77250000000000 4.66387419100719 48.70960715204806 546.17953728933435
0.77500000000000 4.61291053630387 49.01195770420050 546.33662526973922
0.77750000000000 4.57256978607207 49.28312710367580 547.78832785060422
0.78000000000000 4.53181890388447 49.42940127360170 549.84459029932941
0.78250000000000 4.48334254123888 49.46351786730131 551.55107326037898
0.78500000000000 4.43198828255995 49.46479744040365 553.34876708863544
0.78750000000000 4.37576299314934 49.32202826653058 554.03928940882861
0.79000000000000 4.28026650384126 48.64666973279577 552.51736476616600
0.79250000000000 4.11203437663776 47.17412720007285 546.19884214659032
0.79500000000000 3.86510303682489 44.81047844433616 534.16156314958630
0.79750000000000 3.53319108302271 41.39994428256300 515.68360399288144
0.80000000000000 3.10006802506479 36.71851779114274 489.56853862304200
0.80250000000000 2.59749212892952 31.07660395005269 457.90788948976729
0.80500000000000 2.15253005380628 26.00859851841147 428.49839429325738
0.80750000000000 1.79048761950256 21.85514663373781 404.07597486740019
0.81000000000000 1.50812358346303 18.59534046629258 384.73076877449381
0.81250000000000 1.29683883312241 16.15087395463941 370.15188542923289
0.81500000000000 1.14557386039905 14.41140003239378 359.86805793639218
0.81750000000000 1.04199571469443 13.24094222172052 353.08801902860080
0.82000000000000 0.97400259918332 12.49760976757458 348.83869536525225
0.82250000000000 0.93170403543571 12.07104256173292 346.63352645189809
0.82500000000000 0.90722926091821 11.87268550170508 346.09136559173140
0.82750000000000 0.89342346810846 11.80664095501861 346.36912922643569
0.83000000000000 0.88523682481573 11.80382662601768 347.48032661846935
0.83250000000000 0.88102611168064 11.85543784829714 348.62764798572982
0.83500000000000 0.88009399514969 11.95777398691427 349.80695364705298
0.83750000000000 0.88097274333671 12.08180511922852 351.47274760115499
0.84000000000000 0.88339646150760 12.22161667297960 353.57189290051065
0.84250000000000 0.88653078826574 12.37273978384876 355.83655625533487
0.84500000000000 0.88973942389306 12.52218512748574 358.23585546819152
0.84750000000000 0.89299432144386 12.66991692464646 360.79824730830376
0.85000000000000 0.89664327723119 12.81879511727933 363.66958674622924
0.85250000000000 0.90058363738970 12.96238907515607 366.58928840476892
0.85500000000000 0.90495173852407 13.10449711215711 369.59621879918666
0.85750000000000 0.91587943360224 13.41045152727932 377.06915902847766
0.86000000000000 0.92456931325262 13.64739449309601 382.91155814839954
0.86250000000000 0.77649057194137 9.76061673016503 282.97111069847784
0.86500000000000 0.43464545207211 2.19508701865710 96.90256960168165
0.86750000000000 0.31546962157045 0.22110978490122 50.61008229969308
0.87000000000000 0.29870907776858 0.02079531517227 46.09104763209847
0.87250000000000 0.29765223711811 0.00631650725433 45.84587533076851
0.87500000000000 0.29821428933822 0.00590183078347 45.96924208131429
0.87750000000000 0.29894126283846 0.00647229906214 46.12812708022431
0.88000000000000 0.29961659172969 0.00656143277549 46.27541793273959
0.88250000000000 0.30025733277049 0.00672322433244 46.41454014688739
0.88500000000000 0.30083617399808 0.00716688162999 46.53952404742954
0.88750000000000 0.30135350700508 0.00790662086826 46.65039422905369
0.89000000000000 0.30182254491592 0.00884871274651 46.75005097562712
0.89250000000000 0.30225569795180 0.00988629740905 46.84127012347727
0.89500000000000 0.30266318623144 0.01093578425557 46.92637274809023
0.89750000000000 0.30305033665148 0.01192780125531 47.00664313267166
0.90000000000000 0.30342029424740 0.01282224520559 47.08292045353029
0.90250000000000 0.30377725627258 0.01359267018660 47.15630091715047
0.90500000000000 0.30412337514479 0.01423343127353 47.22747310909878
0.90750000000000 0.30445428706406 0.01474454540329 47.29573822650057
0.91000000000000 0.30476220751734 0.01514433088651 47.35962574603220
0.91250000000000 0.30504361864142 0.01548658392303 47.41849552328788
0.91500000000000 0.30529904716397 0.01582017869960 47.47249382363394
0.91750000000000 0.30552886550598 0.01615024561900 47.52171596379464
0.92000000000000 0.30573248261841 0.01644320061328 47.56604790993209
0.92250000000000 0.30591143191024 0.01667991805998 47.60572256928035
0.92500000000000 0.30606986302428 0.01685934901116 47.64131124549267
0.92750000000000 0.30621271837752 0.01698471249168 47.67340910523338
0.93000000000000 0.30634407000277 0.01705726563267 47.70254127777596
0.93250000000000 0.30646648068119 0.01708203979219 47.72923071056918
0.93500000000000 0.30658111320067 0.01706567262388 47.75396246531249
0.93750000000000 0.30668791476484 0.01699455275555 47.77696489834936
0.94000000000000 0.30678769592083 0.01687854166193 47.79845610323657
0.94250000000000 0.30688168905378 0.01671921267166 47.81855484245735
0.94500000000000 0.30697083517203 0.01651650640208 47.83728852983586
0.94750000000000 0.30705537297220 0.01626973435568 47.85466238134495
0.95000000000000 0.30713472614399 0.01597648007880 47.87069483898331
0.95250000000000 0.30720783339548 0.01563275242538 47.88545005694056
0.95500000000000 0.30727376639605 0.01523337851250 47.89905491973994
0.95750000000000 0.30733239692671 0.01477303706078 47.91169033367513
0.96000000000000 0.30738465173619 0.01424777025664 47.92355549771605
0.96250000000000 0.30743199570399 0.01365621693980 47.93482655969480
0.96500000000000 0.30747540002284 0.01299974102569 47.94563668682495
0.96750000000000 0.30751462089740 0.01228144429499 47.95608224733181
0.97000000000000 0.30754812339795 0.01150492440972 47.96623679372826
0.97250000000000 0.30757361327858 0.01067376856669 47.97615302012067
0.97500000000000 0.30758914554086 0.00979221879115 47.98584405828178
0.97750000000000 0.30759451107936 0.00886651369631 47.99525118464697
0.98000000000000 0.30759271166871 0.00790553232793 48.00423021886056
0.98250000000000 0.30757677654345 0.00692019620878 48.01258810401843
0.98500000000000 0.30755128377393 0.00592232429785 48.02009724835652
0.98750000000000 0.30753647055899 0.00492370329055 48.02652935089796
0.99000000000000 0.30752962772541 0.00393110348177 48.03180464797915
0.99250000000000 0.30752727878855 0.00294545123209 48.03592466112677
0.99500000000000 0.30752725141614 0.00196648416025 48.03889880507024
0.99750000000000 0.30752961686080 0.00098894757969 48.04063170419226
1.00000000000000 0.30753132703132 0.00000000000000 48.04112149968363
