# x rho rhou E
0.00125000000000 0.15057715329528 0.00209381848025 176.64906110278335
0.00375000000000 0.15058144814736 0.00626555317571 176.65585804702553
0.00625000000000 0.15059036340030 0.01043427880838 176.66972935844046
0.00875000000000 0.15060397775061 0.01460069993212 176.69060136502318
0.01125000000000 0.15062241483441 0.01876425309716 176.71855657682278
0.01375000000000 0.15064575621249 0.02292515832224 176.75367326382857
0.01625000000000 0.15067405227732 0.02708430637342 176.79601267538553
0.01875000000000 0.15070734542305 0.03124308511920 176.84563057192389
0.02125000000000 0.15074565514021 0.03540323727195 176.90254133929150
0.02375000000000 0.15078898968912 0.03956709984989 176.96674230200475
0.02625000000000 0.15083733700719 0.04373714730429 177.03821556903767
0.02875000000000 0.15089064397117 0.04791585351417 177.11691550567861
0.03125000000000 0.15094880641892 0.05210553653223 177.20277366092677
0.03375000000000 0.15101166283841 0.05630812842183 177.29570629080189
0.03625000000000 0.15107899458485 0.06052495513830 177.39562655215320
0.03875000000000 0.15115053247028 0.06475659415709 177.50245727875978
0.04125000000000 0.15122597052743 0.06900281755627 177.61614015749549
0.04375000000000 0.15130498903401 0.07326264618373 177.73663951679907
0.04625000000000 0.15138728741359 0.07753457039810 177.86394038708266
0.04875000000000 0.15147262264446 0.08181692096672 177.99803974689189
0.05125000000000 0.15156084316600 0.08610827140158 178.13893008350880
0.05375000000000 0.15165190742809 0.09040772339393 178.28658068320252
0.05625000000000 0.15174587981928 0.09471498932184 178.44092789645242
0.05875000000000 0.15184290112828 0.09903028476664 178.60188077246266
0.06125000000000 0.15194313609904 0.10335410653297 178.76933489210441
0.06375000000000 0.15204671128825 0.10768700275859 178.94318112070755
0.06625000000000 0.15215366906541 0.11202943338708 179.12330574009081
0.06875000000000 0.15226396178271 0.11638175951505 179.30958765930362
0.07125000000000 0.15237748721827 0.12074436697511 179.50189466332347
0.07375000000000 0.15249414042696 0.12511788840887 179.70007630939654
0.07625000000000 0.15261384886074 0.12950342215988 179.90395468339739
0.07875000000000 0.15273657010269 0.13390267479149 180.11331574562507
0.08125000000000 0.15286225585964 0.13831797885249 180.32790045980542
0.08375000000000 0.15299081152093 0.14275215681743 180.54740088955901
0.08625000000000 0.15312208707836 0.14720831014920 180.77147428109564
0.08875000000000 0.15325590456076 0.15168960945415 180.99976922938509
0.09125000000000 0.15339209334803 0.15619912392054 181.23194192086379
0.09375000000000 0.15353050915439 0.16073972603682 181.46766175294803
0.09625000000000 0.15367103336799 0.16531404412802 181.70661967919958
0.09875000000000 0.15381355832385 0.16992447365628 181.94853556134458
0.10125000000000 0.15395796978885 0.17457325450904 182.19315646982920
0.10375000000000 0.15410414282035 0.17926241633852 182.44025773113086
0.10625000000000 0.15425195769895 0.18399337381419 182.68966292823868
0.10875000000000 0.15440132686312 0.18876623138360 182.94128050443805
0.11125000000000 0.15455222157650 0.19357904128709 183.19514325982030
0.11375000000000 0.15470469308942 0.19842726127125 183.45143794607264
0.11625000000000 0.15485888505376 0.20330359013622 183.71051605446641
0.11875000000000 0.15501504218900 0.20819819427010 183.97289645255492
0.12125000000000 0.15517367752752 0.21309611480856 184.23953102745787
0.12375000000000 0.15533554999908 0.21797233597877 184.51177249327014
0.12625000000000 0.15550092798168 0.22281703102185 184.79017413805633
0.12875000000000 0.15566964874409 0.22763165820420 185.07459047862591
0.13125000000000 0.15584135932755 0.23242222266894 185.36456928997933
0.13375000000000 0.15601560360947 0.23719729459069 185.65948753053141
0.13625000000000 0.15619187371299 0.24196753586316 185.95862425652098
0.13875000000000 0.15636975256778 0.24674075166722 186.26137979722756
0.14125000000000 0.15654890826911 0.25152294948813 186.56725105608700
0.14375000000000 0.15672905580073 0.25631996112100 186.87575836983689
0.14625000000000 0.15690994522553 0.26113755144338 187.18642612695359
0.14875000000000 0.15709136168602 0.26598137099060 187.49879518040740
0.15125000000000 0.15727312496906 0.27085672227543 187.81244576052259
0.15375000000000 0.15745508399581 0.27576829899179 188.12701713802429
0.15625000000000 0.15763713636887 0.28071930787313 188.44226320495977
0.15875000000000 0.15781926590890 0.28571032825989 188.75812214796193
0.16125000000000 0.15800156277976 0.29073870638277 189.07474862886920
0.16375000000000 0.15818420421421 0.29579882543415 189.39248683595716
0.16625000000000 0.15836744064914 0.30088324656289 189.71179285572629
0.16875000000000 0.15855157564789 0.30598406356074 190.03314716417023
0.17125000000000 0.15873688937487 0.31109425634716 190.35696299334109
0.17375000000000 0.15892357368521 0.31620900093378 190.68350210437151
0.17625000000000 0.15911170334083 0.32132629131993 191.01283861364402
0.17875000000000 0.15930124388979 0.32644668649667 191.34488058539804
0.18125000000000 0.15949209311165 0.33157234453628 191.67943848300058
0.18375000000000 0.15968413474703 0.33670583133470 192.01630689411957
0.18625000000000 0.15987727392051 0.34184940479076 192.35531200151425
0.18875000000000 0.16007144139442 0.34700499782547 192.69630984400732
0.19125000000000 0.16026657952967 0.35217452585859 193.03916137794880
0.19375000000000 0.16046262748948 0.35736012135750 193.38371244471568
0.19625000000000 0.16065951300497 0.36256420031288 193.72978621585980
0.19875000000000 0.16085715226305 0.36778938921730 194.07718681663940
0.20125000000000 0.16105546095050 0.37303826237734 194.42571771201938
0.20375000000000 0.16125437672992 0.37831286592920 194.77521620300584
0.20625000000000 0.16145388127117 0.38361425882906 195.12558750949228
0.20875000000000 0.16165400259173 0.38894245709565 195.47681081545770
0.21125000000000 0.16185479137180 0.39429688797551 195.82890895920269
0.21375000000000 0.16205628751238 0.39967699368462 196.18190628913845
0.21625000000000 0.16225849934501 0.40508253170505 196.53580640761533
0.21875000000000 0.16246140219066 0.41051347730275 196.89059707501519
0.22125000000000 0.16266494619131 0.41596977895884 197.24626546349418
0.22375000000000 0.16286906188512 0.42145122838981 197.60280591653938
0.22625000000000 0.16307366073312 0.42695751761405 197.96021544647618
0.22875000000000 0.16327863496655 0.43248840323473 198.31848278786205
0.23125000000000 0.16348386348488 0.43804384944951 198.67758020702325
0.23375000000000 0.16368923441283 0.44362407915698 199.03746404001430
0.23625000000000 0.16389463715829 0.44922946223617 199.39807964710891
0.23875000000000 0.16409992284832 0.45486024578032 199.75937856248808
0.24125000000000 0.16430503536896 0.46051689239775 200.12131131460859
0.24375000000000 0.16450994983154 0.46620003064459 200.48382480285994
0.24625000000000 0.16471464521509 0.47191032438630 200.84686644721987
0.24875000000000 0.16491909939411 0.47764854380830 201.21037838873409
0.25125000000000 0.16512329331516 0.48341550057747 201.57430196727540
0.25375000000000 0.16532721603221 0.48921197536698 201.93858293466334
0.25625000000000 0.16553086710693 0.49503868885762 202.30317341490402
0.25875000000000 0.16573425614282 0.50089634334294 202.66802894826196
0.26125000000000 0.16593740175627 0.50678569328914 203.03310359807728
0.26375000000000 0.16614032788163 0.51270756734897 203.39834776672038
0.26625000000000 0.16634306065746 0.51866282777016 203.76371007840214
0.26875000000000 0.16654562790373 0.52465235710802 204.12913887735806
0.27125000000000 0.16674803604678 0.53067731236944 204.49456310490979
0.27375000000000 0.16695029056431 0.53673885256373 204.85989946296996
0.27625000000000 0.16715241293376 0.54283760477998 205.22511059893856
0.27875000000000 0.16735442989212 0.54897416963239 205.59015644361443
0.28125000000000 0.16755636372282 0.55514917319366 205.95499226093574
0.28375000000000 0.16775818826548 0.56136314249787 206.31957132549587
0.28625000000000 0.16795980011212 0.56761651466671 206.68383477203651
0.28875000000000 0.16816104027115 0.57390971550547 207.04770812437258
0.29125000000000 0.16836173531774 0.58024326233027 207.41110502765721
0.29375000000000 0.16856172649238 0.58661785124938 207.77392905926612
0.29625000000000 0.16876088208714 0.59303439499900 208.13607360102367
0.29875000000000 0.16895909933954 0.59949399101821 208.49742434286503
0.30125000000000 0.16915630156468 0.60599781728817 208.85786598193647
0.30375000000000 0.16935243480524 0.61254698225744 209.21729190446629
0.30625000000000 0.16954746593053 0.61914236180877 209.57561492481597
0.30875000000000 0.16974138159352 0.62578444921797 209.93277720986919
0.31125000000000 0.16993418812615 0.63247324897160 210.28875764687754
0.31375000000000 0.17012591355698 0.63920824446078 210.64357501966151
0.31625000000000 0.17031660890834 0.64598844052158 210.99728608101725
0.31875000000000 0.17050634172478 0.65281245034610 211.34997894069221
0.32125000000000 0.17069518135739 0.65967860940138 211.70176288218329
0.32375000000000 0.17088318814430 0.66658514243041 212.05275538630593
0.32625000000000 0.17107041726734 0.67353040516547 212.40306710887319
0.32875000000000 0.17125692873285 0.68051314724904 212.75278664130619
0.33125000000000 0.17144278265107 0.68753269083242 213.10196775967168
0.33375000000000 0.17162801449309 0.69458897791800 213.45062105599547
0.33625000000000 0.17181261223270 0.70168255282369 213.79871016603911
0.33875000000000 0.17199652238056 0.70881457750253 214.14615223187485
0.34125000000000 0.17217968672053 0.71598688697553 214.49282288364367
0.34375000000000 0.17236208156631 0.72320198085532 214.83856617573474
0.34625000000000 0.17254372544813 0.73046283273944 215.18320877294536
0.34875000000000 0.17272464524010 0.73777250400349 215.52657617135156
0.35125000000000 0.17290482438494 0.74513369021684 215.86850776463726
0.35375000000000 0.17308416896457 0.75254838308027 216.20886760778734
0.35625000000000 0.17326250742019 0.76001774394205 216.54754947402427
0.35875000000000 0.17343961386639 0.76754215241493 216.88447753631382
0.36125000000000 0.17361524181086 0.77512135558685 217.21960486712953
0.36375000000000 0.17378916433553 0.78275468362696 217.55291030926051
0.36625000000000 0.17396121232333 0.79044128794122 217.88439372045750
0.36875000000000 0.17413129302367 0.79818031097405 218.21407116809235
0.37125000000000 0.17429938338068 0.80597094439197 218.54197137981234
0.37375000000000 0.17446551361076 0.81381243425531 218.86813261415233
0.37625000000000 0.17462975439871 0.82170408705277 219.19259971111816
0.37875000000000 0.17479220915940 0.82964527948594 219.51542273451460
0.38125000000000 0.17495301975615 0.83763552047505 219.83665612590613
0.38375000000000 0.17511238600039 0.84567458359318 220.15635506821167
0.38625000000000 0.17527055295439 0.85376248921794 220.47457148032879
0.38875000000000 0.17542773181697 0.86189915025444 220.79135637223391
0.39125000000000 0.17558403821601 0.87008408866421 221.10676464850275
0.39375000000000 0.17573956643856 0.87831682694069 221.42085025899252
0.39625000000000 0.17589452677995 0.88659762052407 221.73365248329821
0.39875000000000 0.17604922249775 0.89492739587592 222.04519292775066
0.40125000000000 0.17620387177634 0.90330682759345 222.35549169762487
0.40375000000000 0.17635859905752 0.91173628938546 222.66457244927201
0.40625000000000 0.17651362023366 0.92021685971982 222.97244692640368
0.40875000000000 0.17666932008914 0.92875056545653 223.27910278162079
0.41125000000000 0.17682497903826 0.93733362117676 223.58449986939968
0.41375000000000 0.17697928336606 0.94595907796444 223.88870214173642
0.41625000000000 0.17713167828477 0.95462350099963 224.19168926231825
0.41875000000000 0.17728184144394 0.96332462534183 224.49347316426821
0.42125000000000 0.17742966041439 0.97206101400392 224.79407642958574
0.42375000000000 0.17757514809791 0.98083169117581 225.09353616120279
0.42625000000000 0.17771835323849 0.98963567739538 225.39190642221507
0.42875000000000 0.17785932084368 0.99847179976407 225.68925489209863
0.43125000000000 0.17799809356725 1.00733874637284 225.98565796420087
0.43375000000000 0.17813472049877 1.01623516817769 226.28119623726033
0.43625000000000 0.17826925757302 1.02515974372710 226.57595045694302
0.43875000000000 0.17840175905332 1.03411119148204 226.86999988383445
0.44125000000000 0.17853229266236 1.04308839969232 227.16342470897746
0.44375000000000 0.17866103607074 1.05209102191784 227.45630338876640
0.44625000000000 0.17878840013921 1.06112025933099 227.74869945210165
0.44875000000000 0.17891498522950 1.07017867664282 228.04065430558447
0.45125000000000 0.17904131787310 1.07926861237507 228.33220360851186
0.45375000000000 0.17916765687616 1.08839099740792 228.62339641270219
0.45625000000000 0.17929420459483 1.09754654217399 228.91428291259348
0.45875000000000 0.17942126020793 1.10673666183562 229.20489854493832
0.46125000000000 0.17954918413994 1.11596325779425 229.49527606445918
0.46375000000000 0.17967843890567 1.12522894082808 229.78544796759962
0.46625000000000 0.17980968484349 1.13453765930878 230.07544986435485
0.46875000000000 0.17994387743246 1.14389536356473 230.36532457338586
0.47125000000000 0.18008232996658 1.15331048477190 230.65512597917163
0.47375000000000 0.18022673909564 1.16279431836037 230.94491650261449
0.47625000000000 0.18037921457326 1.17236097501135 231.23477399001240
0.47875000000000 0.18054226197639 1.18202746465709 231.52479818828041
0.48125000000000 0.18071876136953 1.19181393598498 231.81509380218225
0.48375000000000 0.18091199309830 1.20174365558538 232.10578752722739
0.48625000000000 0.18112570048417 1.21184362815181 232.39702398091308
0.48875000000000 0.18136421909704 1.22214556757234 232.68897068086838
0.49125000000000 0.18163265645859 1.23268724942790 232.98182508635657
0.49375000000000 0.18193710957690 1.24351421261086 233.27582127631780
0.49625000000000 0.18228493087209 1.25468183444999 233.57123989022489
0.49875000000000 0.18268506017307 1.26625795075869 233.86841963579548
0.50125000000000 0.18314843934794 1.27832614441185 234.16777186396567
0.50375000000000 0.18368852520646 1.29098984528880 234.46979894884504
0.50625000000000 0.18432191970964 1.30437741246505 234.77511753099290
0.50875000000000 0.18506912688642 1.31864830505545 235.08448744884180
0.51125000000000 0.18595541984340 1.33400026556633 235.39884627021797
0.51375000000000 0.18701178227863 1.35067729521189 235.71934886538224
0.51625000000000 0.18827589711997 1.36897824931407 236.04741159511076
0.51875000000000 0.18979317561010 1.38926602202498 236.38476118642046
0.52125000000000 0.19161782073196 1.41197729075676 236.73348828400594
0.52375000000000 0.19381389748130 1.43763263019699 237.09610501976550
0.52625000000000 0.19645637549039 1.46684674363330 237.47560570706381
0.52875000000000 0.19963214357873 1.50033880216525 237.87553063941508
0.53125000000000 0.20344105188659 1.53894330579572 238.30003457374545
0.53375000000000 0.20799707202297 1.58362216615377 238.75396266703521
0.53625000000000 0.21342965505048 1.63547866436194 239.24293663592920
0.53875000000000 0.21988531792059 1.69577359009439 239.77345277820177
0.54125000000000 0.22752941942333 1.76594334238499 240.35299163879671
0.54375000000000 0.23654801099198 1.84761916940463 240.99013681581982
0.54625000000000 0.24714957828654 1.94264613675546 241.69469792834340
0.54875000000000 0.25956644411292 2.05309998240810 242.47783051774110
0.55125000000000 0.27405560212224 2.18129991087566 243.35214424427107
0.55375000000000 0.29089880372013 2.32981570247604 244.33179094040614
0.55625000000000 0.31040181582991 2.50146820748189 245.43252648177804
0.55875000000000 0.33289287403742 2.69932313895119 246.67174445223455
0.56125000000000 0.35872044268604 2.92667880377537 248.06848295981146
0.56375000000000 0.38825044507017 3.18704885724317 249.64340680364847
0.56625000000000 0.42186314277604 3.48414132397322 251.41876643683185
0.56875000000000 0.45994982083641 3.82183499860091 253.41833493472438
0.57125000000000 0.50290935084050 4.20415371843667 255.66732351067668
0.57375000000000 0.55114450769676 4.63523739560914 258.19226994989845
0.57625000000000 0.60505754725663 5.11930548770230 261.02087736417411
0.57875000000000 0.66504398353423 5.66060347655136 264.18175385009812
0.58125000000000 0.73148281598153 6.26331661268478 267.70397634832307
0.58375000000000 0.80472094099619 6.93143005314963 271.61639022661200
0.58625000000000 0.88504910846507 7.66851675360252 275.94648259722931
0.58875000000000 0.97267045862913 8.47689244094940 280.70664029086277
0.59125000000000 1.06473122091558 9.33355292022856 285.73967448467238
0.59375000000000 1.15303575502323 10.16601784457618 290.87861133212095
0.59625000000000 1.23656775692899 10.96560472943906 296.02028822975200
0.59875000000000 1.31550332723902 11.73291830066767 301.14162310408608
0.60125000000000 1.38993624554276 12.46798003776792 306.23623545121950
0.60375000000000 1.45994065022533 13.17059811255638 311.29067638404240
0.60625000000000 1.52560759818697 13.84078796899616 316.29547848728839
0.60875000000000 1.58706355571046 14.47914137265948 321.24942368748054
0.61125000000000 1.64445477365249 15.08661719117905 326.15175826871246
0.61375000000000 1.69795135839798 15.66416590766643 330.99760439495583
0.61625000000000 1.74778947076932 16.21280222430111 335.78594927748293
0.61875000000000 1.79423678177692 16.73408113773716 340.51840751054840
0.62125000000000 1.83745613906632 17.23015079496758 345.18012198901522
0.62375000000000 1.87761148424574 17.70289223298138 349.76031259215586
0.62625000000000 1.91523777340429 18.15359868712993 354.30298240240347
0.62875000000000 1.95088337279260 18.58425915305534 358.84546379169831
0.63125000000000 1.98399852052042 18.99484659690821 363.25463259813648
0.63375000000000 2.01389451506683 19.38461795313066 367.44674114366677
0.63625000000000 2.04213945646551 19.75856095042104 371.62486304213877
0.63875000000000 2.07088181497335 20.11859105100999 376.03352078071532
0.64125000000000 2.11304009599563 20.52037238158035 382.54722402743300
0.64375000000000 2.28755469078223 20.86267384041383 410.63750266956970
0.64625000000000 3.01875600683535 19.24211178654155 542.50479243173049
0.64875000000000 4.36725176585442 12.27783523191859 830.91736963876224
0.65125000000000 4.85851429860480 9.00966694433195 946.69512524313438
0.65375000000000 4.95445778999886 8.86050835560582 966.98298539267705
0.65625000000000 4.95045438642666 9.23764700964719 964.79210771422618
0.65875000000000 4.89724179331286 10.04071346316420 949.90412611585725
0.66125000000000 4.82705421378269 10.86803544485477 931.79788510883816
0.66375000000000 4.76431226765410 11.50167164001835 916.95722061099218
0.66625000000000 4.70018618924967 12.06023617202517 902.43920485433659
0.66875000000000 4.63330181309889 12.58783765463931 887.63479898712535
0.67125000000000 4.56852241977666 13.10815596620806 872.57651334279319
0.67375000000000 4.50904941641099 13.63291058238329 857.35379047699666
0.67625000000000 4.45819352435862 14.17288954348417 842.04257826519540
0.67875000000000 4.41750058988712 14.73197719204403 826.89457581413262
0.68125000000000 4.38618935205315 15.31119603255879 811.95490108332785
0.68375000000000 4.36234893335840 15.90829793559961 797.19019707155940
0.68625000000000 4.34376700436566 16.51846263135092 782.55312605377208
0.68875000000000 4.32831922229210 17.13588537561918 767.99419594978497
0.69125000000000 4.31420572628665 17.75493045373576 753.48554806199343
0.69375000000000 4.30029160459099 18.37391273199135 739.07134190993145
0.69625000000000 4.28626400503427 18.99769077320738 724.84222872758130
0.69875000000000 4.27077124912442 19.61132098348196 710.69153693147473
0.70125000000000 4.24965083392287 20.18482672794896 696.25715294408701
0.70375000000000 4.21849423662643 20.67780610286487 680.77020012961327
0.70625000000000 4.17570066631711 21.06478958511148 663.54553398868825
0.70875000000000 4.12608613533682 21.37217387660186 645.16246952393010
0.71125000000000 4.07766520768726 21.65511562274030 626.99593245054859
0.71375000000000 4.03203942963455 21.94106210925456 609.30311148725013
0.71625000000000 3.99144573223786 22.25818031291740 592.43613470227956
0.71875000000000 3.95881580913478 22.64681222288457 576.87238575858601
0.72125000000000 3.93619505593331 23.13735655202895 562.93434994833410
0.72375000000000 3.92364767151023 23.73250822126295 550.70092633324680
0.72625000000000 3.91995513704333 24.43434934236888 540.59073818722072
0.72875000000000 3.93145201916146 25.35051196374089 533.70146375568220
0.73125000000000 3.97857730651019 26.58986096972546 529.77769515854243
0.73375000000000 4.05025627325483 28.04000743370712 527.53372387029242
0.73625000000000 4.12865330322440 29.60238287573491 526.56908290537262
0.73875000000000 4.22351892331958 31.36845412345224 526.61521097010552
0.74125000000000 4.33198428947694 33.29122985932216 527.46301210798083
0.74375000000000 4.42975086967253 35.17445261875253 529.00229379002644
0.74625000000000 4.52287519642708 37.04924213385352 531.00365587047827
0.74875000000000 4.61588378336717 38.95052567223719 533.23018927972203
0.75125000000000 4.70242140784139 40.82390502607130 535.54244055395043
0.75375000000000 4.76924770651825 42.55429948562136 537.89636267822164
0.75625000000000 4.80686818859486 44.04899481812208 541.30199088078609
0.75875000000000 4.81034460833031 45.08058330102211 542.45616703345297
0.76125000000000 4.76387402814447 45.73596650472982 540.08201553899062
0.76375000000000 4.71709722778924 46.39138634619248 539.49213394941034
0.76625000000000 4.69662841289053 47.15123468224149 540.34025637069760
0.76875000000000 4.69340877240635 47.99204936608429 543.62337361038908
0.77125000000000 4.68360782576722 48.54984810540802 546.15909645582633
0.77375000000000 4.63735457639204 48.85718959367090 546.13570120314466
0.77625000000000 4.59217246021597 49.15989962424246 546.89104941536357
0.77875000000000 4.55281809020229 49.37409978303287 548.86046773893077
0.78125000000000 4.50861129974134 49.45466096874496 550.69630149385966
0.78375000000000 4.45747227132780 49.46685819891740 552.48710883417994
0.78625000000000 4.40592061213229 49.43353849627648 553.87805311076318
0.78875000000000 4.33573623129913 49.07388537109533 553.72385628906056
0.79125000000000 4.20601649726048 48.01689083651266 550.05590475810800
0.79375000000000 3.99846439136791 46.11024318768518 540.91560764358894
0.79625000000000 3.71071266084418 43.25064814000560 525.81441988132508
0.79875000000000 3.33020804521411 39.22742809511301 503.58195163309836
0.80125000000000 2.84842602841070 33.91713676535257 473.97460004532036
0.80375000000000 2.36482475070468 28.43056391887993 442.61686366531973
0.80625000000000 1.96116388780158 23.81702078836237 415.64264848563545
0.80875000000000 1.63980539501730 20.11751826488032 393.78404245981216
0.81125000000000 1.39424689885385 17.27744999601610 376.87048855781120
0.81375000000000 1.21445658457111 15.20097641970603 364.51260822235685
0.81625000000000 1.08861184073683 13.76424736460688 356.10442440414829
0.81875000000000 1.00423551736342 12.82379714519179 350.69393292080645
0.82125000000000 0.95015720691198 12.25016501610963 347.48959674567465
0.82375000000000 0.91770644453227 11.94941288047397 346.21453561922891
0.82625000000000 0.89938038949742 11.82830386155973 346.13594085063914
0.82875000000000 0.88881548261416 11.79982767296539 346.85483480677880
0.83125000000000 0.88263186163705 11.82152929332444 348.07562526244260
0.83375000000000 0.88028551091406 11.90254988775589 349.18746118638370
0.83625000000000 0.88029980235150 12.01779774723810 350.56000611721947
0.83875000000000 0.88205515942905 12.14979747809500 352.49592261237291
0.84125000000000 0.88491320302969 12.29664690769258 354.68426299990557
0.84375000000000 0.88814856129151 12.44792457280114 357.02250667159774
0.84625000000000 0.89133889676586 12.59600515736063 359.48604209573125
0.84875000000000 0.89475923593585 12.74440127304359 362.19836149730020
0.85125000000000 0.89859941905068 12.89167366913044 365.14453260278208
0.85375000000000 0.90260441617653 13.03110291512799 368.01196467672844
0.85625000000000 0.90903817734445 13.22111997477058 372.35452812921085
0.85875000000000 0.92214565551068 13.58266584573733 381.39908571755512
0.86125000000000 0.89655780289076 12.87540032295414 362.55206608804542
0.86375000000000 0.58806809633533 5.33706766525865 172.89000471642521
0.86625000000000 0.35154197684584 0.74107443775487 62.59581114005464
0.86875000000000 0.30260392872469 0.06432278455212 47.05116143152488
0.87125000000000 0.29775597608240 0.00922534725578 45.86957893054424
0.87375000000000 0.29784783398036 0.00572072403835 45.88888195575019
0.87625000000000 0.29859321479733 0.00628138279041 46.05208505965818
0.87875000000000 0.29928119513311 0.00652957020926 46.20234171883192
0.88125000000000 0.29994361348376 0.00661540863281 46.34650426499309
0.88375000000000 0.30055502523880 0.00690504970129 46.47892146070883
0.88625000000000 0.30110176438668 0.00750437550606 46.59655717555017
0.88875000000000 0.30159322320060 0.00835954151133 46.70143748755214
0.89125000000000 0.30204291038177 0.00936097926409 46.79655808172696
0.89375000000000 0.30246217472663 0.01041494822755 46.88447548759783
0.89625000000000 0.30285913475709 0.01144156100773 46.96706615951973
0.89875000000000 0.30323721478199 0.01238944579600 47.04521587470362
0.90125000000000 0.30360014986594 0.01322362674325 47.11990566186891
0.90375000000000 0.30395177358690 0.01392930170500 47.19216997811844
0.90625000000000 0.30429124352153 0.01450490391846 47.26206476747471
0.90875000000000 0.30461149061444 0.01495560693900 47.32829895244731
0.91125000000000 0.30490622706018 0.01531880422894 47.38968452643314
0.91375000000000 0.30517452184504 0.01565263828064 47.44609037231633
0.91625000000000 0.30541720400893 0.01598782483279 47.49771029866706
0.91875000000000 0.30563392944725 0.01630309262185 47.54449057106755
0.92125000000000 0.30582482433389 0.01656892450441 47.58643532023370
0.92375000000000 0.30599289832046 0.01677655053926 47.62398857220001
0.92625000000000 0.30614294967893 0.01692868071327 47.65776267174803
0.92875000000000 0.30627963725652 0.01702751575228 47.68831407626060
0.93125000000000 0.30640628399990 0.01707479543585 47.71615675327380
0.93375000000000 0.30652476736274 0.01708012431124 47.74182278974129
0.93625000000000 0.30663547065769 0.01703637799367 47.76566673235499
0.93875000000000 0.30673860268163 0.01694188312348 47.78788834937149
0.94125000000000 0.30683534567777 0.01680432232448 47.80867690253569
0.94375000000000 0.30692683266843 0.01662328138132 47.82809185988977
0.94625000000000 0.30701369918893 0.01639874160660 47.84614502741292
0.94875000000000 0.30709575875445 0.01612913182014 47.86284364339878
0.95125000000000 0.30717213018197 0.01581122981350 47.87822569213829
0.95375000000000 0.30724172971235 0.01544036697449 47.89238592657591
0.95625000000000 0.30730395927363 0.01501112636645 47.90548125139924
0.95875000000000 0.30735923094163 0.01451867337477 47.91770726437737
0.96125000000000 0.30740885339951 0.01396025043119 47.92925593677246
0.96375000000000 0.30745417353777 0.01333592512420 47.94028253844963
0.96625000000000 0.30749560174836 0.01264809560081 47.95090002262124
0.96875000000000 0.30753222400655 0.01190023994087 47.96119199989345
0.97125000000000 0.30756201360554 0.01109594133608 47.97122259123781
0.97375000000000 0.30758270033396 0.01023896465456 47.98102830183257
0.97625000000000 0.30759297581282 0.00933438909092 47.99059031382063
0.97875000000000 0.30759457032756 0.00838978893149 47.99980575704236
0.98125000000000 0.30758712612170 0.00741516287664 48.00849975219383
0.98375000000000 0.30756335646574 0.00642216779771 48.01646522069758
0.98625000000000 0.30754258956567 0.00542235588363 48.02345623648969
0.98875000000000 0.30753231180569 0.00442660579178 48.02931273678666
0.99125000000000 0.30752804615350 0.00343733660128 48.03400705350799
0.99375000000000 0.30752705636566 0.00245534658221 48.03755829126709
0.99625000000000 0.30752808288221 0.00147806291853 48.03992862615308
0.99875000000000 0.30753092568275 0.00049700579799 48.04101077853991
