# x rho rhou E
0.00000000000000 1.00000000000000 0.00000000000000 2.50000000000000
0.00500000000000 1.00000000000000 0.00000000000000 2.50000000000000
0.01000000000000 1.00000000000000 0.00000000000000 2.50000000000000
0.01500000000000 1.00000000000000 0.00000000000000 2.50000000000000
0.02000000000000 1.00000000000000 0.00000000000000 2.50000000000000
0.02500000000000 1.00000000000000 0.00000000000000 2.50000000000000
0.03000000000000 1.00000000000000 0.00000000000000 2.50000000000000
0.03500000000000 1.00000000000000 0.00000000000000 2.50000000000000
0.04000000000000 1.00000000000000 0.00000000000000 2.50000000000000
0.04500000000000 1.00000000000000 0.00000000000000 2.50000000000000
0.05000000000000 1.00000000000000 0.00000000000000 2.50000000000000
0.05500000000000 1.00000000000000 0.00000000000000 2.50000000000000
0.06000000000000 1.00000000000000 0.00000000000000 2.50000000000000
0.06500000000000 1.00000000000000 0.00000000000000 2.50000000000000
0.07000000000000 1.00000000000000 0.00000000000000 2.50000000000000
0.07500000000000 1.00000000000000 0.00000000000000 2.50000000000000
0.08000000000000 1.00000000000000 0.00000000000000 2.50000000000000
0.08500000000000 1.00000000000000 0.00000000000000 2.50000000000000
0.09000000000000 1.00000000000000 0.00000000000000 2.50000000000000
0.09500000000000 1.00000000000000 0.00000000000000 2.50000000000000
0.10000000000000 0.99999999999999 0.00000000000001 2.49999999999998
0.10500000000000 0.99999999999998 0.00000000000002 2.49999999999994
0.11000000000000 0.99999999999994 0.00000000000007 2.49999999999979
0.11500000000000 0.99999999999978 0.00000000000026 2.49999999999922
0.12000000000000 0.99999999999919 0.00000000000095 2.49999999999718
0.12500000000000 0.99999999999717 0.00000000000335 2.49999999999010
0.13000000000000 0.99999999999029 0.00000000001148 2.49999999996603
0.13500000000000 0.99999999996750 0.00000000003845 2.49999999988627
0.14000000000000 0.99999999989391 0.00000000012552 2.49999999962870
0.14500000000000 0.99999999966238 0.00000000039948 2.49999999881833
0.15000000000000 0.99999999895311 0.00000000123870 2.49999999633588
0.15500000000000 0.99999999683856 0.00000000374067 2.49999998893496
0.16000000000000 0.99999999070693 0.00000001099571 2.49999996747426
0.16500000000000 0.99999997342376 0.00000003144543 2.49999990698315
0.17000000000000 0.99999992610079 0.00000008743871 2.49999974135279
0.17500000000000 0.99999980032199 0.00000023626217 2.49999930112704
0.18000000000000 0.99999947606716 0.00000061992544 2.49999816623559
0.18500000000000 0.99999866598200 0.00000157842974 2.49999533094043
0.19000000000000 0.99999670658955 0.00000389680590 2.49998847308398
0.19500000000000 0.99999212313971 0.00000931997109 2.49997243110422
0.20000000000000 0.99998176642773 0.00002157396013 2.49993618310236
0.20500000000000 0.99995919167744 0.00004828361197 2.49985717384356
0.21000000000000 0.99991179640402 0.00010435725383 2.49969130102997
0.21500000000000 0.99981611748679 0.00021754429202 2.49935646923326
0.22000000000000 0.99963074681239 0.00043679343638 2.49870784333982
0.22500000000000 0.99928678720967 0.00084347042711 2.49750459512522
0.23000000000000 0.99867688422634 0.00156412761971 2.49537193131070
0.23500000000000 0.99764569084679 0.00278127650315 2.49176873536241
0.24000000000000 0.99598666434251 0.00473609490907 2.48597849960089
0.24500000000000 0.99345106872738 0.00771582413746 2.47714466473684
0.25000000000000 0.98977321117658 0.01202102915939 2.46436453730696
0.25500000000000 0.98471037034048 0.01791510512329 2.44683521958934
0.26000000000000 0.97808819956264 0.02556829149335 2.42401657550524
0.26500000000000 0.96983696674557 0.03501519269333 2.39575673255021
0.27000000000000 0.96000524407067 0.04614253071544 2.36233168150466
0.27500000000000 0.94874606721129 0.05871216958324 2.32438344046615
0.28000000000000 0.93628142828098 0.07241006935348 2.28278217673447
0.28500000000000 0.92285774040271 0.08690356746130 2.23846167982596
0.29000000000000 0.90870420598913 0.10189127092482 2.19227284614257
0.29500000000000 0.89399961005119 0.11713936231403 2.14487264159768
0.30000000000000 0.87889047529767 0.13250058298798 2.09672366458018
0.30500000000000 0.86362397144223 0.14764699118796 2.04870449923431
0.31000000000000 0.84842337470969 0.16232804473864 2.00162035132319
0.31500000000000 0.83336816764692 0.17650035639431 1.95561874683688
0.32000000000000 0.81848385529334 0.19014583596414 1.91075791877500
0.32500000000000 0.80378616946697 0.20325784634450 1.86706206793914
0.33000000000000 0.78928445800254 0.21583686957988 1.82453426277869
0.33500000000000 0.77498395651172 0.22788784580211 1.78316452639704
0.34000000000000 0.76088723695259 0.23941852755219 1.74293492591675
0.34500000000000 0.74699513600417 0.25043839918136 1.70382262500943
0.35000000000000 0.73330730385610 0.26095791860745 1.66580167778764
0.35500000000000 0.71982256905832 0.27098801689678 1.62884422914792
0.36000000000000 0.70653926022694 0.28053983929096 1.59292155348157
0.36500000000000 0.69345549441016 0.28962463695018 1.55800497418926
0.37000000000000 0.68056938029585 0.29825367960126 1.52406647154951
0.37500000000000 0.66787910675241 0.30643812731695 1.49107887364179
0.38000000000000 0.65538294003254 0.31418890300528 1.45901575150578
0.38500000000000 0.64307918423894 0.32151665314143 1.42785125511905
0.39000000000000 0.63096613787012 0.32843183875229 1.39756002432117
0.39500000000000 0.61904202271786 0.33494490424630 1.36811708833038
0.40000000000000 0.60730483612322 0.34106641282134 1.33949756546588
0.40500000000000 0.59575213440346 0.34680706445273 1.31167614656431
0.41000000000000 0.58438086332539 0.35217759506062 1.28462667299581
0.41500000000000 0.57318740839315 0.35718861607144 1.25832227746954
0.42000000000000 0.56216796083533 0.36185045082819 1.23273631685351
0.42500000000000 0.55131911183940 0.36617299061590 1.20784381381277
0.43000000000000 0.54063843999351 0.37016558185257 1.18362276006728
0.43500000000000 0.53012490889427 0.37383696192228 1.16005482893542
0.44000000000000 0.51977920723509 0.37719522444937 1.13712587199415
0.44500000000000 0.50960467310515 0.38024769937413 1.11482771884971
0.45000000000000 0.49960999119022 0.38300057119220 1.09316377945296
0.45500000000000 0.48981512392970 0.38545816879654 1.07216119323932
0.46000000000000 0.48026138430277 0.38762220533299 1.05189091576484
0.46500000000000 0.47102479355990 0.38949174671964 1.03249344604313
0.47000000000000 0.46222913689125 0.39106500609635 1.01420250925166
0.47500000000000 0.45405178217462 0.39234340140835 0.99735335991179
0.48000000000000 0.44671252222845 0.39333674335572 0.98235807271496
0.48500000000000 0.44043764634248 0.39406796140816 0.96963304767437
0.49000000000000 0.43540120543241 0.39457526550008 0.95948257540866
0.49500000000000 0.43166099517630 0.39490759906682 0.95197776132017
0.50000000000000 0.42912239147008 0.39511312848670 0.94689778487673
0.50500000000000 0.42755932341956 0.39522940161664 0.94377895445503
0.51000000000000 0.42668684164961 0.39528365027869 0.94205259999941
0.51500000000000 0.42624687554914 0.39530080824041 0.94119761529489
0.52000000000000 0.42605733132370 0.39530553500527 0.94083330840014
0.52500000000000 0.42599936257777 0.39530981365508 0.94071788249339
0.53000000000000 0.42599267677382 0.39531228019231 0.94070199071714
0.53500000000000 0.42600300501437 0.39531192639872 0.94072221174354
0.54000000000000 0.42603473817466 0.39530710963340 0.94078921540845
0.54500000000000 0.42607475397602 0.39529322718206 0.94088490066420
0.55000000000000 0.42609754462235 0.39526936218663 0.94097007403257
0.55500000000000 0.42610166133901 0.39523925315255 0.94102130884225
0.56000000000000 0.42610150784936 0.39522181066550 0.94104875957463
0.56500000000000 0.42610290986547 0.39521713760676 0.94106108527984
0.57000000000000 0.42610206532799 0.39521586082296 0.94106244303515
0.57500000000000 0.42609666536295 0.39521425965129 0.94105504714298
0.58000000000000 0.42608757941154 0.39520770649114 0.94104870136818
0.58500000000000 0.42607558754777 0.39519036815801 0.94105513452977
0.59000000000000 0.42605310381265 0.39515875260235 0.94106342299844
0.59500000000000 0.42601151535134 0.39511083709703 0.94105832434097
0.60000000000000 0.42595960862961 0.39506061029514 0.94104056353846
0.60500000000000 0.42591076821688 0.39501700577412 0.94101966435033
0.61000000000000 0.42586316748525 0.39497639206730 0.94099498194291
0.61500000000000 0.42581618439640 0.39493398120154 0.94097324884507
0.62000000000000 0.42576667692175 0.39488455186844 0.94095972881513
0.62500000000000 0.42570200326463 0.39481814760855 0.94094336746725
0.63000000000000 0.42560035434908 0.39472003321853 0.94090659075564
0.63500000000000 0.42544365629198 0.39457615474184 0.94083751015147
0.64000000000000 0.42521983207017 0.39437178458068 0.94073675427804
0.64500000000000 0.42489528896619 0.39407179160646 0.94059621946521
0.65000000000000 0.42434855879280 0.39356351778461 0.94036336665259
0.65500000000000 0.42325295963734 0.39254628117227 0.93989391734353
0.66000000000000 0.42090223452213 0.39036623478460 0.93888282919142
0.66500000000000 0.41599934056482 0.38581980787283 0.93677418941679
0.67000000000000 0.40648286563227 0.37699438897196 0.93268293218368
0.67500000000000 0.38955519234316 0.36129560457794 0.92540465456532
0.68000000000000 0.36232369833154 0.33604114373452 0.91369298067697
0.68500000000000 0.33183178850865 0.30776260224797 0.90057930825261
0.69000000000000 0.30832975170964 0.28596642449056 0.89047363523236
0.69500000000000 0.29172712280264 0.27056831832070 0.88333395034068
0.70000000000000 0.28073980405480 0.26037696148081 0.87860458169133
0.70500000000000 0.27390235048098 0.25403401576194 0.87565745460074
0.71000000000000 0.26989342311907 0.25031574381324 0.87393149967638
0.71500000000000 0.26767876070003 0.24826320970879 0.87298353433402
0.72000000000000 0.26652760190844 0.24719678360502 0.87249207203571
0.72500000000000 0.26596731205938 0.24667709517642 0.87225016791295
0.73000000000000 0.26571659823947 0.24644524155401 0.87214528297446
0.73500000000000 0.26561844108987 0.24635767551893 0.87211727279286
0.74000000000000 0.26558836177779 0.24633382032927 0.87211877127054
0.74500000000000 0.26558357483154 0.24633113189819 0.87212211531530
0.75000000000000 0.26558739000154 0.24633399746453 0.87212045130462
0.75500000000000 0.26559609920995 0.24633880723746 0.87211244164864
0.76000000000000 0.26560048943688 0.24633917510836 0.87209749372483
0.76500000000000 0.26560187028712 0.24633778743930 0.87208691493591
0.77000000000000 0.26560218734787 0.24633729033415 0.87208323792485
0.77500000000000 0.26560315617508 0.24634045541172 0.87209174451590
0.78000000000000 0.26560619013782 0.24634927773851 0.87211691549653
0.78500000000000 0.26560784779695 0.24635514224193 0.87213483301821
0.79000000000000 0.26560724192753 0.24635625573801 0.87214047819609
0.79500000000000 0.26560429982136 0.24635276366956 0.87213565276557
0.80000000000000 0.26559919578175 0.24634404926426 0.87211653071104
0.80500000000000 0.26559519882982 0.24633748359435 0.87210237113766
0.81000000000000 0.26559243103545 0.24633310997910 0.87209326753340
0.81500000000000 0.26559356410995 0.24633751037243 0.87210653435758
0.82000000000000 0.26561814228584 0.24639301004572 0.87225072342769
0.82500000000000 0.26562249694410 0.24640465828619 0.87228024783858
0.83000000000000 0.26539553096223 0.24590582905831 0.87101283107502
0.83500000000000 0.26549014532917 0.24612342672166 0.87155840620822
0.84000000000000 0.26903854762375 0.25392338848753 0.89152184526524
0.84500000000000 0.26649541800443 0.24843671309482 0.87750215372504
0.85000000000000 0.20106967358687 0.11840572846089 0.54945925633851
0.85500000000000 0.14155110624505 0.02075514606677 0.30354261170253
0.86000000000000 0.12721714461045 0.00243650587665 0.25640953150968
0.86500000000000 0.12524894158748 0.00026498611087 0.25070057432239
0.87000000000000 0.12502696933183 0.00002856372541 0.25007556639277
0.87500000000000 0.12500290678323 0.00000307654669 0.25000813970617
0.88000000000000 0.12500031310417 0.00000033136214 0.25000087670098
0.88500000000000 0.12500003372429 0.00000003569048 0.25000009442813
0.89000000000000 0.12500000363253 0.00000000384431 0.25000001017108
0.89500000000000 0.12500000039128 0.00000000041409 0.25000000109559
0.90000000000000 0.12500000004215 0.00000000004461 0.25000000011802
0.90500000000000 0.12500000000454 0.00000000000481 0.25000000001271
0.91000000000000 0.12500000000049 0.00000000000052 0.25000000000137
0.91500000000000 0.12500000000005 0.00000000000006 0.25000000000015
0.92000000000000 0.12500000000001 0.00000000000001 0.25000000000002
0.92500000000000 0.12500000000000 0.00000000000000 0.25000000000000
0.93000000000000 0.12500000000000 0.00000000000000 0.25000000000000
0.93500000000000 0.12500000000000 0.00000000000000 0.25000000000000
0.94000000000000 0.12500000000000 0.00000000000000 0.25000000000000
0.94500000000000 0.12500000000000 0.00000000000000 0.25000000000000
0.95000000000000 0.12500000000000 0.00000000000000 0.25000000000000
0.95500000000000 0.12500000000000 0.00000000000000 0.25000000000000
0.96000000000000 0.12500000000000 0.00000000000000 0.25000000000000
0.96500000000000 0.12500000000000 0.00000000000000 0.25000000000000
0.97000000000000 0.12500000000000 0.00000000000000 0.25000000000000
0.97500000000000 0.12500000000000 0.00000000000000 0.25000000000000
0.98000000000000 0.12500000000000 0.00000000000000 0.25000000000000
0.98500000000000 0.12500000000000 0.00000000000000 0.25000000000000
0.99000000000000 0.12500000000000 0.00000000000000 0.25000000000000
0.99500000000000 0.12500000000000 0.00000000000000 0.25000000000000
1.00000000000000 0.12500000000000 0.00000000000000 0.25000000000000
