# x rho rhou E
0.00250000000000 1.00000000000000 0.00000000000000 2.50000000000000
0.00750000000000 1.00000000000000 0.00000000000000 2.50000000000000
0.01250000000000 1.00000000000000 0.00000000000000 2.50000000000000
0.01750000000000 1.00000000000000 0.00000000000000 2.50000000000000
0.02250000000000 1.00000000000000 0.00000000000000 2.50000000000000
0.02750000000000 1.00000000000000 0.00000000000000 2.50000000000000
0.03250000000000 1.00000000000000 0.00000000000000 2.50000000000000
0.03750000000000 1.00000000000000 0.00000000000000 2.50000000000000
0.04250000000000 1.00000000000000 0.00000000000000 2.50000000000000
0.04750000000000 1.00000000000000 0.00000000000000 2.50000000000000
0.05250000000000 1.00000000000000 0.00000000000000 2.50000000000000
0.05750000000000 1.00000000000000 0.00000000000000 2.50000000000000
0.06250000000000 1.00000000000000 0.00000000000000 2.50000000000000
0.06750000000000 1.00000000000000 0.00000000000000 2.50000000000000
0.07250000000000 1.00000000000000 0.00000000000000 2.50000000000000
0.07750000000000 1.00000000000000 0.00000000000000 2.50000000000000
0.08250000000000 1.00000000000000 0.00000000000000 2.50000000000000
0.08750000000000 1.00000000000000 0.00000000000000 2.50000000000000
0.09250000000000 1.00000000000000 0.00000000000000 2.50000000000000
0.09750000000000 1.00000000000000 0.00000000000000 2.49999999999999
0.10250000000000 0.99999999999999 0.00000000000001 2.49999999999997
0.10750000000000 0.99999999999997 0.00000000000004 2.49999999999989
0.11250000000000 0.99999999999988 0.00000000000014 2.49999999999959
0.11750000000000 0.99999999999957 0.00000000000050 2.49999999999851
0.12250000000000 0.99999999999849 0.00000000000179 2.49999999999470
0.12750000000000 0.99999999999474 0.00000000000622 2.49999999998160
0.13250000000000 0.99999999998218 0.00000000002108 2.49999999993765
0.13750000000000 0.99999999994110 0.00000000006969 2.49999999979385
0.14250000000000 0.99999999981013 0.00000000022465 2.49999999933548
0.14750000000000 0.99999999940353 0.00000000070575 2.49999999791236
0.15250000000000 0.99999999817466 0.00000000215977 2.49999999361132
0.15750000000000 0.99999999456124 0.00000000643522 2.49999998096435
0.16250000000000 0.99999998422992 0.00000001865941 2.49999994480471
0.16750000000000 0.99999995552597 0.00000005262237 2.49999984434091
0.17250000000000 0.99999987808433 0.00000014425255 2.49999957329520
0.17750000000000 0.99999967535024 0.00000038413068 2.49999886372605
0.18250000000000 0.99999916078783 0.00000099296857 2.49999706275879
0.18750000000000 0.99999789572915 0.00000248980277 2.49999263506050
0.19250000000000 0.99999488616829 0.00000605074362 2.49998210163806
0.19750000000000 0.99998796590787 0.00001423880092 2.49995788094385
0.20250000000000 0.99997260505153 0.00003241348298 2.49990411903323
0.20750000000000 0.99993973809300 0.00007129972130 2.49978908974398
0.21250000000000 0.99987205905749 0.00015136788929 2.49955223506950
0.21750000000000 0.99973817913357 0.00030973344709 2.49908374347295
0.22250000000000 0.99948427025865 0.00061000130357 2.49819538929501
0.22750000000000 0.99902358016192 0.00115454498420 2.49658408989743
0.23250000000000 0.99822568995732 0.00209688596839 2.49379496876774
0.23750000000000 0.99690942621182 0.00364932304304 2.48919805134808
0.24250000000000 0.99484505644598 0.00607884825830 2.48199888018087
0.24750000000000 0.99177116922970 0.00968473657611 2.47130235716419
0.25250000000000 0.98742792071253 0.01475602206314 2.45623523934195
0.25750000000000 0.98160130597758 0.02151614811669 2.43610662262799
0.26250000000000 0.97416592164435 0.03007124807850 2.41055933111780
0.26750000000000 0.96511121255654 0.04038125081807 2.37965695625228
0.27250000000000 0.95454131727965 0.05226558731937 2.34387199432612
0.27750000000000 0.94264907804946 0.06544109040155 2.30398068112835
0.28250000000000 0.92967430380764 0.07957742882371 2.26090524037982
0.28750000000000 0.91585951852711 0.09435218481270 2.21555410293396
0.29250000000000 0.90141227747814 0.10949398757019 2.16869315623849
0.29750000000000 0.88648259154990 0.12481731691009 2.12086253243038
0.30250000000000 0.87126025051429 0.14012625393843 2.07261715827041
0.30750000000000 0.85600740768596 0.15504933777672 2.02503251823433
0.31250000000000 0.84087573177210 0.16947925010236 1.97847957099993
0.31750000000000 0.82590348228079 0.18338957287439 1.93304360780357
0.32250000000000 0.81111098235663 0.19676862422717 1.88876379686736
0.32750000000000 0.79651041317553 0.20961375416445 1.84565254912754
0.33250000000000 0.78210884596204 0.22192793034189 1.80370561401247
0.33750000000000 0.76791003887108 0.23371766114726 1.76290854692877
0.34250000000000 0.75391560789033 0.24499167670206 1.72324067728561
0.34750000000000 0.74012574412230 0.25576002672409 1.68467744081633
0.35250000000000 0.72653964569171 0.26603345217034 1.64719180285538
0.35750000000000 0.71315585204572 0.27582301100885 1.61075534726845
0.36250000000000 0.69997255404959 0.28513991098229 1.57533927262590
0.36750000000000 0.68698784625344 0.29399542586472 1.54091518104964
0.37250000000000 0.67419987320766 0.30240078849849 1.50745547654516
0.37750000000000 0.66160686642556 0.31036705273650 1.47493338086434
0.38250000000000 0.64920711641595 0.31790499995697 1.44332277095018
0.38750000000000 0.63699893044792 0.32502516537855 1.41259804915142
0.39250000000000 0.62498058142949 0.33173797998100 1.38273407125684
0.39750000000000 0.61315020310564 0.33805393689143 1.35370596548651
0.40250000000000 0.60150560035355 0.34398367384054 1.32548870588824
0.40750000000000 0.59004403554910 0.34953792676233 1.29805658637591
0.41250000000000 0.57876214867480 0.35472739050240 1.27138302675455
0.41750000000000 0.56765616368044 0.35956255188241 1.24544111055890
0.42250000000000 0.55672239173075 0.36405353464967 1.22020483972400
0.42750000000000 0.54595785431927 0.36820996905292 1.19565059190242
0.43250000000000 0.53536078485983 0.37204090178066 1.17175814581984
0.43750000000000 0.52493095223781 0.37555475406989 1.14851116949676
0.44250000000000 0.51467017702893 0.37875926507466 1.12589810763740
0.44750000000000 0.50458396467114 0.38166126162821 1.10391552939074
0.45250000000000 0.49468564504291 0.38426610434923 1.08257669596012
0.45750000000000 0.48500434284578 0.38657688806571 1.06192767882409
0.46250000000000 0.47559695366778 0.38859391723297 1.04207086957081
0.46750000000000 0.46656199625762 0.39031545794370 1.02319100460045
0.47250000000000 0.45805013851267 0.39174070597510 1.00557316163245
0.47750000000000 0.45026279867461 0.39287462489293 0.98959685849372
0.48250000000000 0.44342914178630 0.39373307784803 0.97568858308299
0.48750000000000 0.43775763013426 0.39434668128093 0.96422492311333
0.49250000000000 0.43337134505368 0.39476012233096 0.95540643670616
0.49750000000000 0.43025321317880 0.39502356509300 0.94915928493786
0.50250000000000 0.42823640100352 0.39518055673903 0.94512823657065
0.50750000000000 0.42705440048741 0.39526276874786 0.94277692236638
0.51250000000000 0.42642606386981 0.39529521115735 0.94154370743282
0.51750000000000 0.42612929564272 0.39530354619886 0.94097193171255
0.52250000000000 0.42601772076455 0.39530766236202 0.94075552402185
0.52750000000000 0.42599328702067 0.39531145855042 0.94070417003645
0.53250000000000 0.42599541020932 0.39531243823224 0.94070703538561
0.53750000000000 0.42601623058652 0.39531030243158 0.94074992818512
0.54250000000000 0.42605584172203 0.39530161619661 0.94083606980205
0.54750000000000 0.42608877415916 0.39528230285382 0.94093073064187
0.55250000000000 0.42610125153294 0.39525419376572 0.94100019354461
0.55750000000000 0.42610114900604 0.39522825253106 0.94103684339030
0.56250000000000 0.42610251294292 0.39521860288945 0.94105673014907
0.56750000000000 0.42610280851257 0.39521642760842 0.94106273737864
0.57250000000000 0.42610004832242 0.39521524780243 0.94106023842277
0.57750000000000 0.42609236011552 0.39521202006628 0.94105002295387
0.58250000000000 0.42608225668531 0.39520068206455 0.94105037552109
0.58750000000000 0.42606629097939 0.39517649756083 0.94106067472738
0.59250000000000 0.42603493567144 0.39513662997541 0.94106286468944
0.59750000000000 0.42598531810117 0.39508473224096 0.94105014422315
0.60250000000000 0.42593495864877 0.39503816110543 0.94103046018198
0.60750000000000 0.42588685406592 0.39499661351705 0.94100787850050
0.61250000000000 0.42583966309474 0.39495572085263 0.94098278101346
0.61750000000000 0.42579223722260 0.39491058453640 0.94096601981903
0.62250000000000 0.42573751083795 0.39485436074840 0.94095286751283
0.62750000000000 0.42565716582785 0.39477398351063 0.94092864050057
0.63250000000000 0.42552962551542 0.39465461992737 0.94087620245540
0.63750000000000 0.42534116857150 0.39448281134899 0.94079101491440
0.64250000000000 0.42507458776134 0.39423795450745 0.94067322593757
0.64750000000000 0.42466353072169 0.39385638265551 0.94049752052580
0.65250000000000 0.42390221303395 0.39314885671357 0.94017252397898
0.65750000000000 0.42229920020731 0.39166163922277 0.93948382971681
0.66250000000000 0.41887953134797 0.38849064739179 0.93801274338355
0.66750000000000 0.41197813969851 0.38209068659708 0.93504535916191
0.67250000000000 0.39914023858777 0.37018479390084 0.92952611302273
0.67750000000000 0.37734339512750 0.34997041706095 0.92015295094099
0.68250000000000 0.34637757639962 0.32125256795092 0.90683467578533
0.68750000000000 0.31915701599294 0.29600783858705 0.89512909216087
0.69250000000000 0.29923692075040 0.27753341551790 0.88656381313300
0.69750000000000 0.28562366483622 0.26490721774306 0.88070764591152
0.70250000000000 0.27689077499857 0.25680634325354 0.87694583497041
0.70750000000000 0.27161632442994 0.25191349381136 0.87467243708698
0.71250000000000 0.26861423509878 0.24912997147225 0.87338315342525
0.71750000000000 0.26700509505540 0.24763918663511 0.87269623060214
0.72250000000000 0.26619483495099 0.24688823075317 0.87234877522116
0.72750000000000 0.26581527477887 0.24653613868782 0.87218498442295
0.73250000000000 0.26565497138654 0.24638950285668 0.87212472740072
0.73750000000000 0.26559829268599 0.24634117886876 0.87211660759870
0.74250000000000 0.26558447026828 0.24633143037112 0.87212122228712
0.74750000000000 0.26558438544891 0.24633183624741 0.87212177771833
0.75250000000000 0.26559198668718 0.24633688677059 0.87211768069481
0.75750000000000 0.26559882511395 0.24633939958938 0.87210500011244
0.76250000000000 0.26560141888335 0.24633847564904 0.87209142104036
0.76750000000000 0.26560207151161 0.24633735300250 0.87208423401377
0.77250000000000 0.26560241603276 0.24633810852027 0.87208505091439
0.77750000000000 0.26560457834436 0.24634462701120 0.87210349836150
0.78250000000000 0.26560732439514 0.24635291835741 0.87212762064932
0.78750000000000 0.26560784118365 0.24635615384074 0.87213874579130
0.79250000000000 0.26560608408456 0.24635525715593 0.87214000558598
0.79750000000000 0.26560181389276 0.24634860225624 0.87212682778695
0.80250000000000 0.26559695123271 0.24634031966850 0.87210837825571
0.80750000000000 0.26559366068671 0.24633507571247 0.87209743109183
0.81250000000000 0.26559159730277 0.24633212138124 0.87209163531109
0.81750000000000 0.26560353315715 0.24636016584205 0.87216556543451
0.82250000000000 0.26563347601672 0.24642731407184 0.87233843037117
0.82750000000000 0.26553111474321 0.24620494545642 0.87177199365606
0.83250000000000 0.26522603306892 0.24553469078418 0.87006881445149
0.83750000000000 0.26689620187925 0.24922054464466 0.87945169543254
0.84250000000000 0.27136394148554 0.25899074513427 0.90449012948995
0.84750000000000 0.24214414235031 0.19732528954856 0.74807270133145
0.85250000000000 0.16352885641759 0.05401371434837 0.38765554446622
0.85750000000000 0.13130627515981 0.00727239158771 0.26898363199790
0.86250000000000 0.12574979966462 0.00080565035218 0.25212703293899
0.86750000000000 0.12508205066104 0.00008702029357 0.25023017765682
0.87250000000000 0.12500885538157 0.00000937422859 0.25002480121651
0.87750000000000 0.12500095401591 0.00000100966935 0.25000267132634
0.88250000000000 0.12500010275779 0.00000010874906 0.25000028772287
0.88750000000000 0.12500001106812 0.00000001171341 0.25000003099076
0.89250000000000 0.12500000119220 0.00000000126170 0.25000000333815
0.89750000000000 0.12500000012842 0.00000000013591 0.25000000035958
0.90250000000000 0.12500000001383 0.00000000001464 0.25000000003873
0.90750000000000 0.12500000000149 0.00000000000158 0.25000000000417
0.91250000000000 0.12500000000016 0.00000000000017 0.25000000000045
0.91750000000000 0.12500000000002 0.00000000000002 0.25000000000005
0.92250000000000 0.12500000000000 0.00000000000000 0.25000000000001
0.92750000000000 0.12500000000000 0.00000000000000 0.25000000000000
0.93250000000000 0.12500000000000 0.00000000000000 0.25000000000000
0.93750000000000 0.12500000000000 0.00000000000000 0.25000000000000
0.94250000000000 0.12500000000000 0.00000000000000 0.25000000000000
0.94750000000000 0.12500000000000 0.00000000000000 0.25000000000000
0.95250000000000 0.12500000000000 0.00000000000000 0.25000000000000
0.95750000000000 0.12500000000000 0.00000000000000 0.25000000000000
0.96250000000000 0.12500000000000 0.00000000000000 0.25000000000000
0.96750000000000 0.12500000000000 0.00000000000000 0.25000000000000
0.97250000000000 0.12500000000000 0.00000000000000 0.25000000000000
0.97750000000000 0.12500000000000 0.00000000000000 0.25000000000000
0.98250000000000 0.12500000000000 0.00000000000000 0.25000000000000
0.98750000000000 0.12500000000000 0.00000000000000 0.25000000000000
0.99250000000000 0.12500000000000 0.00000000000000 0.25000000000000
0.99750000000000 0.12500000000000 0.00000000000000 0.25000000000000
